4754
5873
6639
-7291
2128
613
12853
3701
-6486
-6112
7336
890
-980
7151
1532
13290
-2351
6347
17609
-1890
10124
17085
2493
17773
11860
9949
8745
-1264
-658
-1630
-5089
779
-2368
-3629
7463
-5512
-983
5904
2400
1044
12063
13172
20305
-3089
-3385
-3652
6854
4485
-6757
1275
5048
7415
1104
-3425
-2407
-2460
-664
-2927
4694
2015
13253
4331
11586
-6869
695
13769
-11428
7406
-4320
-4430
64
-5687
5287
8583
-2702
-1247
-1920
5177
4712
1795
1502
-4223
-8510
10614
16580
4216
-2517
-3342
708
9828
-2046
-5968
-891
11073
-3738
1518
-6176
996
6704
1396
9797
-3962
-454
6419
-1101
-2432
9837
2949
-3679
2085
-2308
6159
6500
-12991
2915
-6123
-9812
-1446
-4931
-594
-4448
9860
-6088
176
-4206
-2416
8688
-3544
7718
-5478
4127
-9186
2986
1594
-5278
-1678
9444
-3554
7793
-7916
-218
2247
-6607
-2840
-4606
4543
15419
-4935
-5025
16622
6710
-7684
4044
-7035
6706
969
-4311
-2869
-10393
3132
-4895
462
-5637
-8407
-4688
989
8514
-4741
-7964
-3486
-6420
-2918
2176
-4738
-2284
-1892
-12974
2966
-6781
-5591
6369
3852
-408
16326
10863
98
-6485
544
-4573
5877
-177
30
6506
11749
1255
-1557
2461
15984
-5839
7856
-12143
-1889
2831
-5445
-106
1673
8424
-2650
1301
1058
21248
7087
4152
2686
-12934
7234
16128
-6018
-6170
5732
-4412
-1177
-4091
5199
5947
7887
10611
-1121
-8740
-4408
-4355
12152
-2146
-263
710
-11257
4663
1358
-6239
-7664
8816
3260
-6682
-3360
16235
633
-2510
920
7683
64
19514
-4960
-2570
-395
-425
-6267
3544
-2727
1475
-461
-11157
1062
10107
546
6700
11523
2396
1811
3588
-9274
-5302
-3483
8742
6434
522
-577
-5772
8335
-4651
-1696
8376
2621
-9825
6235
2713
-6941
-2431
-433
-5854
-5374
548
-12060
-2276
-7060
5628
1149
-7510
3960
-3068
-5498
7489
6446
-1284
-8573
1315
-2803
3789
-1719
-4782
9155
-2848
-1650
14700
11467
6708
12234
13099
3025
-312
1112
14122
-1916
2589
-12795
-4024
3908
-10686
-562
7059
-3853
-6303
-358
1203
864
-2319
-1344
2187
3763
3728
-5723
-5571
1866
-5792
-5943
-11078
-4506
3772
1872
4284
-461
-7876
-10376
-5078
11484
-11810
-532
4850
3639
-11678
-1291
-329
-852
15654
-6041
-6850
-1808
-5520
-4567
-1274
-8081
1896
-3592
-206
-8596
-148
-10419
-5028
10718
-3305
-1084
6498
-7213
1706
19243
752
-2190
16591
-1452
-4873
968
1086
1025
-1563
7276
2774
6165
-119
-2848
9584
-1411
-9430
-957
-4006
-4797
-5575
-5803
5608
11786
10918
-4540
1556
3183
-3697
10519
-4930
-1050
-5009
9945
-7160
-4775
2386
7940
-10062
7481
-4284
3960
9819
607
-3424
-541
-6363
2654
-3857
4969
-11029
2898
15232
-376
-2527
19373
336
4788
-7506
3375
5007
-8900
2194
-3737
6403
7955
-3659
-4303
-5937
1277
-10260
-1016
6909
14569
-6934
1014
-813
-7809
7611
1763
12548
14470
-8266
9205
4214
9790
-5354
-3403
4645
-7214
-4376
-7802
5323
-6913
-6900
5194
-5854
-11536
6280
-2576
856
-3224
-2212
4065
-9110
-5446
-7532
-17
4983
6816
-1968
8941
1443
-4695
8144
-6433
-2811
-11702
10273
-9449
-5079
2443
-14856
-3716
-2818
-5310
9453
3249
-5250
-8033
-4095
11236
-3080
-3359
5606
8264
3223
-6042
-3017
-9471
-4635
-1603
1264
-661
-5157
10359
6254
255
-6798
1512
-177
-4334
1383
-7254
3561
4506
-5708
-5174
-5129
4470
-3145
4406
-304
1138
-764
-3829
-6051
3440
5989
-4651
3644
-7404
4020
3890
3846
-4002
4901
-6468
2754
1754
3848
5683
-8421
-5782
9579
9164
-6325
-3146
2844
-4695
8825
10790
-4831
7024
-13394
-1906
-5633
3583
-7314
-3109
12090
-5686
14457
2628
5393
-6185
5569
11223
4260
13078
9312
-3910
5305
8385
-6398
6338
-10193
4784
12140
8506
6056
-10439
8721
1313
-251
-4288
10322
10071
-7597
1705
17705
3026
-8337
9289
-717
2388
304
2557
622
-3031
4724
-5210
1368
-4309
-2466
-1077
2915
-10781
5947
8033
-762
6237
1218
-2689
4950
-11635
-4461
4765
10384
-2360
-1098
11373
10427
-11283
-69
-2517
-3368
7380
449
627
15427
5154
8353
7401
-3874
-5232
-10239
11613
-848
-5725
16800
11652
-7451
1309
-1316
2264
-5052
-2024
2730
1652
-4476
-9237
-6436
-2345
-7172
-7943
17018
6616
11588
-7660
-5927
-436
3578
5102
-6086
3696
-5259
-8749
-4656
8625
-6779
6642
5299
-1568
-2385
-8794
2840
-7143
6319
-3328
860
-10294
443
-13938
6277
-1566
10239
-5204
-1238
-8655
-41
-2834
-4167
-4689
9577
1637
1886
-1151
-2742
-16
-9205
-4421
-3915
-4840
1150
-891
-4678
5762
-6789
2119
-8099
-3451
-4637
4568
16880
4723
2636
-1255
-8848
8516
-3502
5271
-9475
-3910
4926
-3468
-6134
-2853
3562
-8864
-2116
-11736
2932
-7378
3940
12741
3701
6170
8953
12198
11667
-1284
-6412
15906
-1564
-3174
725
-7546
-7429
-1178
-1778
-11590
11732
8985
-8494
5251
9305
8115
4308
3508
151
768
10493
9753
3767
-2245
-3113
-4772
11687
1772
-2669
-612
-7720
-3705
4609
10688
4443
-10152
-2165
838
10384
15340
-5435
10911
-3495
17991
-12414
-2203
6587
-4009
-903
100
1170
-5630
-4245
4618
13563
-2714
-3905
-2821
231
-4816
-660
-5502
6681
5324
-4034
12010
1924
3243
1185
7255
3610
-8604
-5511
-4490
-1651
-9354
5161
2516
1927
-2951
-8453
-3216
-4115
16828
-10470
-1178
-1506
7868
-4834
-3001
-11254
6255
-8679
-2597
9060
551
-9671
334
4454
9608
-1286
-10830
2393
13550
-3811
-3760
-3201
-5093
12054
9320
2132
7557
-3040
8174
-757
-4662
4314
12573
-6743
3297
-4638
-7726
-4076
-865
-4877
-4874
-2533
-6038
1474
-1770
5439
10501
-2554
1635
5816
1501
1709
-4618
1825
14321
9181
6802
-4079
-7117
-11217
787
3341
-8436
12
6911
4634
-5892
1658
10250
-3927
5910
12210
-961
-11563
-637
-5007
-6809
5252
-878
-3611
6475
2008
13097
-8728
9463
20352
-1625
-5465
6479
7033
7716
-3634
-2396
-701
-4407
-3563
3645
8882
-4798
-8290
4566
717
1286
3487
-1995
-2999
-6713
7583
494
6442
-4450
-6510
8775
8286
-5705
-5791
6542
-5891
746
11105
-5062
-7680
-6737
98
-990
9499
-3075
1774
-6661
211
11752
-12305
1890
-230
-6733
-6197
-1157
6456
-7146
-3373
-1417
5945
-3142
-6541
1576
6121
690
-10092
-1518
2041
-6714
1073
8290
2595
14795
6032
9204
3885
5211
9
-191
10832
18095
7568
-13573
-3729
3066
1446
14177
5216
-1649
5754
-2262
5825
-4152
-10992
-3970
2620
-11489
-8679
-7576
-2094
-416
3208
-4968
-8702
4184
1650
12363
-6975
-2044
-9215
-322
4220
3050
-3367
11103
19823
4855
-7999
-7331
-4667
-5770
-8094
-6128
-7214
-1061
-5264
-5817
9009
-10011
3584
-2497
427
-8749
5878
-9251
1144
-3715
-3548
-8372
-2177
-147
-3997
7435
-6877
-8687
-5302
3191
-1775
-6494
2194
-2949
5665
-1611
-6167
1233
7983
7771
8994
-6278
5068
504
-8644
5187
-3450
-3802
-2680
363
13838
827
3326
2201
-314
3744
10778
-4572
-1695
4130
-15666
-6448
7586
-4874
-67
9377
-4808
4544
-2175
-1685
4335
-327
3385
-6409
-6054
9107
6339
908
-10865
-486
6249
8192
4166
1548
-4753
2446
7967
7771
9046
-3336
14569
-8583
360
8317
-4701
11427
6645
-3779
13691
3416
15483
-3326
-3297
-1991
-9081
-2500
-1612
-4556
-7315
108
-5330
-5997
6831
8890
-3802
-8291
3165
4590
-7771
15920
-1128
-2147
-5250
1788
-8228
-8284
3854
3702
15715
-8921
1407
9727
-4125
-4362
4547
6022
9713
-7403
-6119
6968
788
3101
3834
-7020
-724
-8753
4277
-4963
9149
2446
9508
2427
-7367
8548
-2524
-8702
8806
2825
-6307
7363
197
-1232
2629
11501
3307
10542
-4034
-1286
3799
-5774
-7670
-3869
62
11296
-1668
-6661
95
-106
-3897
1721
-1577
8937
7999
241
3352
2030
8552
-4517
2966
11590
-2296
845
8781
12606
-9312
-4750
-6277
6038
16299
-3871
1354
-7646
5765
-6085
1824
14240
8556
-5213
3637
-9116
6026
-12279
-5081
-3838
-847
-2907
2583
-7785
1771
-9742
9135
3539
2213
-5516
18607
5978
1467
6942
-6440
-4112
-1775
300
4307
-6782
3652
-3936
-1295
-4691
3771
1334
-7122
-9912
1838
6067
-2306
-12883
446
1698
9855
-6603
-6276
11409
5876
-3537
3179
-9403
6426
11415
6340
3729
11913
5907
2109
4581
-3613
8766
863
-1231
6165
-10090
-3565
6667
-3493
-3987
1485
6850
1081
-5153
2916
-5564
-991
-4696
-3199
-4447
1406
2194
6019
17205
-5480
-4795
-8139
-5300
2007
19234
4993
2125
6056
4403
7632
-4604
-3560
-1752
1208
-198
6321
6469
-4446
17382
14390
-287
9121
-5730
-6475
1616
-1182
-7316
8861
-2710
17604
-9725
-4309
-3060
3853
-4909
10283
255
1766
2452
9735
14117
10410
-1156
-1220
5894
7047
6918
-5397
-4149
2925
13202
935
-8875
-6172
-1213
13279
-1064
-10023
716
-5235
-9617
-4186
-905
-3817
-5674
4691
4373
567
-3475
285
-2022
-5991
493
10637
3939
5563
-11536
-4870
-2052
16508
3562
1807
1381
-1153
-1316
214
-1035
3959
8817
6153
6171
10079
2060
10148
7400
675
-9309
-101
830
5970
-7486
700
3552
14660
9950
-7898
826
1850
-7415
-4618
13618
-1602
8178
-5784
-3334
-5178
2895
5058
2627
5238
-7212
-3130
-3455
11355
5183
-6825
5174
1777
-386
-7381
9791
2088
6025
-12590
2972
3725
-6502
-5304
-9425
-5776
5895
25766
1232
-9625
-2786
-2227
-6840
3236
-36
-6750
-3469
1354
4030
-8580
6931
740
-2271
10112
12906
3150
-10445
-2944
-5078
-4320
-5057
8671
6656
6033
-1644
8352
-1014
-6337
-94
-8190
6355
-398
1353
9762
13943
9078
-1636
-1096
6007
-9214
-2370
-8440
-8059
-6060
-7396
-7285
-5286
-4676
-2584
-8955
-1627
2379
-7618
5548
888
-9955
2518
12716
21320
23405
-5603
-2055
9015
11332
10129
5841
15257
3928
4807
-790
-6179
3549
-2723
-4138
-1406
7218
-10036
-1559
-6346
-9748
-4764
-8536
-5057
-627
6270
4543
4236
-3711
-3167
-510
6119
-9522
1105
-10429
7828
-3592
-678
-4691
-4382
-7841
9839
8100
11208
10843
2803
5591
7911
6909
-7997
4601
11128
1711
-4120
-4233
2551
19776
-9276
1524
-8923
-65
7582
182
-6159
-5175
-1097
-6142
-765
-299
-4329
173
-5485
-803
4424
6798
-8510
-5311
-116
-3340
-5191
-3539
11680
10323
6337
10304
-7240
7599
12843
1464
216
9774
8701
-1705
-6495
4326
8118
-2697
-11087
7768
9653
-1438
1735
10105
-10049
4409
-2500
4500
-396
1384
-8235
-7391
2694
-3228
-6335
4234
9065
-1879
13061
-482
15314
-27
-747
2207
-1131
667
-9004
-4013
-7331
-5247
-4160
10098
1199
-8056
-7326
1987
9932
-292
-778
7172
8364
1070
-6284
5778
-1587
-2934
803
-3657
3831
6806
8324
13517
13968
-11604
11202
10722
7197
-7817
-990
2653
11508
-1444
-7626
-6816
-3407
15346
2706
-6573
1544
9573
-1518
10426
-10136
-848
-2291
5850
-8979
-3489
-442
-11419
-3556
5386
-1184
12194
-1366
-2787
-5840
-8414
1941
3084
18045
-5081
-6358
-3566
-10316
-3945
-10137
1866
3267
-7596
3497
9042
-1848
16024
-5584
-1924
-9148
-1594
3357
12967
-11117
-980
5884
-3219
-11783
2930
-5547
384
8849
1152
4611
4564
3910
-4254
-11683
-3456
-2463
1815
-621
11753
4811
-6638
-7764
5611
1630
5347
3545
-3824
-4253
653
17979
-14222
-911
4117
-1806
-4618
-7556
2742
-7236
-4554
2656
6671
-725
7854
-2164
17231
-1720
-3910
-4458
-2729
-1525
11890
-16
-3013
-4705
-6141
-6268
2566
1753
5475
-1626
1219
4266
11552
2309
-7787
-5559
14727
-5872
-3493
-9706
1801
-8799
511
2063
-3391
3506
16014
-6622
-5887
11739
-3769
1417
2100
-9125
-6781
-2284
-2141
30
9990
-6389
21346
12152
-10131
-3340
-3536
14614
1928
15321
4940
8883
-1967
-5805
10917
-3663
5133
-1697
5781
-7012
-3051
2254
-4249
-1910
-8146
1357
-5318
-3012
22843
-9885
2437
8774
8763
-6353
-5263
1634
-1359
-10512
-7342
-2673
-10234
-987
-10836
-1287
-7505
-9351
-2337
1709
360
-48
-7327
-4861
-2182
5178
-1686
-8000
-3513
-5093
7575
-5961
344
5261
7810
8188
5461
-101
5164
-11604
8134
-1237
-974
12850
-7857
1668
13441
-6345
4845
10595
-7218
-4961
-4085
17601
9201
-9017
2228
9214
8448
5760
-6241
-9321
8799
-3120
-8763
-1571
1807
-3459
-6643
-7063
9191
3626
262
-7363
2795
8112
-1538
-4226
-2772
3391
-4343
-8512
-5754
-5913
1627
2583
7943
-2934
-8273
-3349
-1845
9256
5350
16728
-5056
6582
4390
-6350
-4372
-5794
6382
-7023
-1480
-4683
11903
12054
-293
3013
-7052
-6480
6851
-710
15149
-168
-762
3354
-2932
-8652
-4248
-6735
4288
937
-3820
6271
3409
-3953
5526
10708
-10962
-906
14610
-1130
-1273
5790
-6848
-1221
-1045
-4638
9326
-8722
-3394
-10358
-1471
-4548
-8661
5358
-2053
4258
8350
7728
-10425
5800
121
-1530
-6252
7800
7209
4001
6583
1035
-2594
-3395
-7940
-3260
-3550
6346
10939
7799
-2172
-6863
5876
14120
2527
3565
12019
-1847
-4754
4971
6937
-767
1820
-2502
3717
18264
-5550
1095
5014
680
-2538
-1961
3921
6816
188
-1258
580
-5219
-871
-2250
-7760
1856
-13209
3128
11046
-279
-5280
-9
-3187
-2818
-7247
5754
-4740
94
6246
-4401
-1936
-744
17103
-1808
-8359
11912
-4479
-10233
138
-4645
3771
-5464
-7911
8
2633
9023
-13755
6617
8798
-5806
-2138
10642
-12808
-542
-1928
-3490
-7310
9827
-1245
3842
-1977
-5112
-1594
11441
5586
-10022
10737
-4763
171
18002
7939
-6918
7145
-3445
-4716
10839
7438
4783
1114
13041
5379
1395
-10443
522
15859
-2284
-4522
-9641
7903
-559
897
-378
5539
3647
1246
6674
-7171
-4213
1740
-5648
-2317
520
16479
-1014
5622
10273
482
-9125
416
-8838
-6449
-5210
94
6555
-5715
-3633
-7924
-1915
-5837
-8305
1222
18658
14162
-838
-782
-8779
-1145
12638
9880
-12630
-5269
6977
13198
-6173
1775
-7983
621
6167
2621
-5535
-4512
-4042
-5876
-6878
6806
-5996
-2065
5472
8709
-4455
-8377
4929
-1604
11154
-939
-6881
3993
940
4662
1424
669
-3663
-7675
-11
4853
-6983
-1094
-4540
-8365
2510
248
4451
-4599
-627
7026
5151
-2616
3773
6780
11596
1408
2227
10092
5825
-2404
-4256
4115
16258
4739
1520
-4206
17718
13035
22237
13041
-4651
16564
-8133
8356
6244
6994
2379
-10027
-629
-6929
8962
512
1407
-2167
16202
-121
1975
7350
-4244
-729
8256
-5601
8330
9960
3341
3340
3460
-7377
-1301
-3807
8074
-8101
856
11873
16504
-9852
-3855
6851
8533
8006
3632
-4390
-2779
3083
-3313
-2768
-3417
2619
-3743
7100
-521
6813
-11162
-1176
-8041
8518
-16205
482
-7322
4131
-9159
3584
1634
4368
-3466
9414
4872
-7454
-8277
-5630
9148
10293
-6211
24291
14230
4771
-3442
1413
-2842
-4589
2689
1425
-320
9806
13058
-9771
-4218
6209
-170
1464
8354
4123
6781
16755
6274
10176
-3944
-3206
-1410
-5617
4866
-2535
-900
83
9513
9538
-3192
-7668
-7272
1958
3828
11271
-15660
-2463
13342
-12109
-1296
-10847
-2588
3161
-5359
-10673
-4548
7074
-2035
-2001
9770
4034
-9325
6807
-4878
5280
-7523
16
-5210
11620
-1555
893
-5483
-10816
17709
3268
11146
-7069
9599
-7073
-5685
-1846
-8053
3869
6517
23399
3133
4406
-4868
4202
12253
-7945
-9322
465
4797
3089
-73
-115
9528
16846
-10735
-920
10144
11313
-9306
-2851
-1927
512
7902
-4663
-9844
-1972
1351
-5693
-6446
-4416
646
-3257
-5780
3479
2027
7633
-4227
-3252
-5968
-3211
-1640
931
-4471
8558
-2631
-7228
6330
-776
-6346
-5812
2154
1577
-3934
8575
-6525
1116
-3388
-3987
2110
-3745
-5149
4486
-7822
5573
-508
8982
-2635
-2953
10800
9236
-1814
-2409
-4333
-6400
19460
4949
5969
5571
1886
2209
-2516
-2537
3129
9290
-9537
2286
7058
2781
-7668
10920
903
-4033
-822
4675
4816
-2336
8784
-129
-7321
-5986
1943
-2483
-5890
-1166
14495
-8504
-2792
-4544
681
-5758
4792
-972
-7647
-4953
-9057
-500
17815
2639
-5909
-9292
-2449
-8167
-2316
-9277
-4472
2611
-7735
3030
11068
7411
-5250
4827
3319
7633
-4223
-1515
-3390
2491
-2811
3604
5342
-9081
-4616
-3750
-9664
4280
-5756
10207
10087
-7251
-2602
-2533
1033
7974
-7581
326
-1423
6036
-1881
-6699
-1256
-5592
4577
8549
-3132
-3640
-1751
-1706
-1604
-3910
-9532
-349
-3056
-3264
-10137
9731
9198
7231
9831
4486
16191
11457
-8408
2270
-5781
1348
24546
-4034
13595
-1897
14511
7823
-2870
959
1236
-3694
-111
-11174
1363
-755
9453
-5637
-5116
-3760
-4336
3638
13171
-2014
6538
6579
-4156
6278
11216
-2264
13982
3048
5156
-3452
-3359
-4137
-6771
-10364
10534
7279
2665
6915
-3180
5796
13991
2426
-2519
-5572
-376
1993
-2889
-1451
13069
-10900
-4495
-4976
-1774
867
4501
-5948
6209
7881
-6244
-863
8019
10303
-1376
-8384
11978
-547
-1874
4625
-7439
-4663
12133
2053
120
-4840
2724
334
7089
-1450
9832
-4433
-5273
-6712
6598
-4547
-9365
-5750
4867
-7059
-8233
5619
-2217
-2410
-7924
-2482
-160
2853
-7554
-5781
-4419
9364
733
5201
6599
-6702
-2376
2987
-3895
10645
-4437
5685
1940
977
7128
-5184
13804
5291
3118
5867
-4099
4432
-209
-4547
10189
-3476
1427
6699
-7814
-4902
6791
-5270
-3269
-1005
11726
21902
-4360
-7265
4789
5591
-3008
-5210
19333
-1187
2860
-4413
1447
-1914
-7372
-5030
47
-2789
1648
7449
-1484
-2517
8582
-4028
6482
4193
-6084
-8035
12950
-4727
-3771
231
-4798
-5199
-5272
11327
14298
-1192
8450
14276
-3152
-4331
1603
8145
11981
4384
4346
13939
5537
-4311
16174
-4456
-4464
506
950
3485
-5031
-2298
10389
-6877
-4061
-8197
-3775
-2271
3780
-5235
-2749
-4336
-1261
-10695
1551
-2122
-599
-3766
-3113
634
-3113
-7719
4981
-1350
13189
7047
22026
3751
9092
9747
3619
-282
2569
-3311
-4691
10821
9337
1380
22252
10308
5984
-4285
-1619
-7051
1006
6205
-3572
-5476
-4347
-6263
-1222
11114
-6568
5551
-344
1396
651
7157
424
10701
2577
-874
-4577
-6693
12002
-13768
685
-9312
-1821
-163
-6391
-3751
-3695
-5955
-9084
3672
-7304
-3962
275
-1238
14703
3222
-3296
5387
11505
-10745
5155
-3330
-4060
-4792
9635
-6299
2344
4309
-840
14495
7353
-10284
-52
1227
7161
-5332
-5461
15226
8122
-1302
11802
1959
-5650
-2385
-5143
-3631
-4072
-4956
252
-4650
-9440
-6533
415
-3851
-4365
2259
8158
8509
-467
-1539
-1792
-9948
-5467
-3405
12236
-1727
643
-1602
-2155
-1008
14055
8028
5969
-5174
8766
-995
-6315
-6335
982
-8753
-6608
-4955
-9256
-603
1118
2983
-275
-2215
-71
-7884
-137
-3607
-729
620
11230
-7054
-9142
-677
-9029
-1784
-2941
834
4158
10776
527
7261
-6153
12701
-1740
-6272
-11987
-5706
-3033
-262
-6188
-8922
-4162
-7382
12284
-1036
-5164
8880
-8094
-3658
6646
-3403
76
460
-1226
-4842
17483
12536
12853
7248
-3641
-8062
1253
-3487
-7683
-4382
3803
7002
8474
-4803
-8037
3329
-5164
-3323
-655
1038
-3387
-3020
11994
-2444
-7639
7388
5929
-3854
-11127
1300
3634
3617
-7250
-3767
4498
-1106
-5831
-1636
14381
4237
-9661
2626
-851
-763
11734
1420
5066
-5284
6522
3327
-4064
3230
9866
5235
404
-5558
7487
-6170
-5327
1210
-3952
-5201
14265
14294
1876
-4073
-1251
-8379
-2911
-9268
-5450
-1898
5527
-7550
3681
151
483
-6771
-2401
1974
-6833
-5927
-1861
-46
-2044
-618
-1723
-3562
-532
7781
4560
6329
-5917
-5461
-6728
530
-927
5059
3117
-6335
11120
6949
9411
15395
-3564
-6648
10920
2861
-7592
1546
8116
14579
3528
-529
14086
7860
-7605
-4951
7314
-3507
-7327
-5491
-8705
-4958
6642
102
282
10245
-229
3731
8042
-4414
-5834
-9216
4319
14046
-635
9770
-3042
-5511
-3156
-7335
-6909
-2323
16503
-12752
-3065
1270
-2948
-3372
-7544
-5514
14139
-7498
-6925
3296
4650
-1537
12202
-6888
4126
-4405
7862
-3832
17316
7333
3642
6338
-1782
-7864
1298
-1691
4122
-7720
-6651
3250
-1920
505
-12453
-7007
-530
6128
-580
-5182
-3428
-2603
-5116
-3593
-10791
3224
4571
713
-8263
-4264
307
-9567
-2810
-6138
-7120
-3654
2589
-1056
-5975
-1899
-8079
-8056
4681
13082
-6894
9877
2584
-2346
-12373
16277
-3257
1681
-984
-638
-3317
3189
-3984
8452
-2833
22583
-5473
-2883
-4469
618
-5138
-11606
8960
6763
-2876
2701
-5395
-3262
3162
-4773
-8767
-2893
-3506
-8100
-665
344
-7106
5413
4111
5381
-4125
-2547
5399
-3450
500
9940
17952
-11032
2152
1860
2554
13813
-3279
2835
11714
-2216
1190
74
1177
2031
-1671
-3830
-4483
-2112
1998
-1647
-5341
-8683
503
4584
1885
3403
-3472
-7506
3660
-3404
-2926
5892
-4136
-8692
-6640
-5376
186
16670
-529
-3634
1278
-7638
-6479
1266
-8964
15
5881
-883
8303
6972
4520
-7051
-7355
-4832
-8377
-4904
1037
1862
1204
-6505
-4333
4428
6842
-6677
-2892
1649
-800
-719
-8884
-5078
7697
23718
7375
-1031
6785
-2065
6180
-9360
-7257
3354
-6724
10671
-3282
-3448
1495
-6078
1882
-3861
4726
13453
-4579
-5514
3032
9499
-2300
-3106
10402
-5604
-1418
2286
1131
-2129
-5701
-1958
-2351
-12453
-3968
-3183
2485
-7465
-49
297
1215
-3052
5332
10444
2004
-6483
-1099
4102
-2959
-5610
3809
8065
-1497
8276
11287
-6239
2431
2359
-7598
-2847
-8765
4523
10515
3519
369
12751
2033
-4956
-2746
-3316
-8205
-8232
-5724
4095
-715
6636
-12665
3917
4841
-10128
-2850
410
14029
4911
-5412
-8136
-2033
3390
-1132
-5005
6991
10374
15081
13855
-7267
-171
2845
-12435
-2743
2564
-6219
-5601
14292
-5091
-4455
10714
1496
4487
-4868
-1518
1957
-5137
-3833
3662
5741
6872
3811
982
-9243
4037
-1193
7873
2524
4855
7552
-5265
-1723
4044
-10
13681
-10849
1831
6121
-3776
-6527
-3171
13942
-6104
-106
863
-37
2668
8350
-9118
-170
-6341
-2534
-5041
13417
-2787
-8275
277
6834
-11244
5437
10689
11942
8889
-7224
28646
-181
-602
-5636
3004
9698
-7052
-5552
-6518
1453
-2187
-8912
3183
14222
-12932
4198
8235
2508
3422
18200
10616
6957
-6287
13337
2081
2370
4497
-5423
16863
9004
-6372
-5746
-4085
-8256
-9303
-7934
1573
-7616
-3960
-1253
7188
-5773
-6657
-7801
14451
10501
2744
-5460
5748
1407
-7349
-6804
-4817
309
6435
-1946
3161
-5052
10086
4614
-1253
-7974
1563
9080
-3561
-252
-7747
10182
7046
-6299
20328
9842
-6341
9486
-2677
-5552
4558
-6143
-8284
-6706
-1076
2696
13157
6158
-8210
7579
4785
-4075
-2601
755
-14268
3986
-4907
-6506
-3098
-4009
-4975
6087
626
3148
-6106
-4783
-3841
-4548
-7980
-2410
-4908
7467
860
4624
149
2224
10597
6536
220
4329
-4678
7754
7860
-1702
-8402
-158
495
8582
6250
6276
-2093
-3293
4695
-5432
-2049
-7257
-7396
1921
5261
10603
-5279
-6425
-2633
-2432
5761
266
2718
-2513
7685
-6616
21911
5172
5915
9285
177
4571
8970
103
-2707
3096
-5407
1377
-3840
422
5893
4258
8722
-8993
4550
9320
7019
-7713
-8275
4961
-1188
-6141
-409
10383
-692
4284
-1556
-2129
-5727
14234
-3136
7385
19945
53
-2147
19609
6871
-6201
831
1554
-2997
2776
-4424
1215
-823
-6741
-5006
520
4127
3499
6172
-8610
-1142
1446
1151
-4242
-3879
-6098
-5898
2758
-4134
17575
12352
-11584
-1407
15294
14675
16653
-2697
10952
-8165
3476
-4638
2349
-6696
-2063
97
2903
-2610
-5959
602
-1100
-3576
2529
-780
6276
815
-6702
-3724
-6443
7286
-6360
6320
515
-7125
-2578
-5797
2646
6559
-6562
2230
3328
10928
-7868
1822
-7805
-809
-7751
3741
5979
3343
12821
-3771
-5431
-7766
891
-8309
7405
-9905
-1245
-4445
-5723
7165
7522
12741
8987
15337
-4303
-1371
1331
284
-1446
-6336
-4575
-6877
-2776
-5036
-2434
-2399
244
3075
5283
-423
9785
-6005
-2352
-7355
6703
-11347
-9206
-2462
2092
-5116
-3624
-1909
11076
6617
15692
8113
4753
3518
8056
-4560
-5737
3486
3655
7734
-5245
-1850
-6851
6
-2329
-1315
1059
-5157
7154
-3800
2660
-3577
-5102
6445
7087
-2341
6062
-5151
-5755
8493
-2220
7134
4545
-7837
3133
-1543
-3863
-8734
-4374
5795
-783
-4423
-3316
-3216
6978
7228
-4613
2178
-97
3381
-7053
8678
-6855
8837
-3530
4658
2812
8961
-7903
-5365
-6979
-2267
-652
3500
-3415
-804
-597
10438
14448
6243
-2790
-11473
4023
-3779
-5568
5421
673
-8084
894
-4588
7569
12834
-9736
3077
-4917
5017
13527
3664
12217
-6882
4745
3565
-7181
-5423
3663
15323
1339
-3146
-6229
-2968
3376
-837
8507
5536
11602
-571
-2474
2214
-3942
-2728
4815
2253
-4371
-1761
-2157
-3909
2735
8356
8168
8438
-4539
4254
11254
8296
187
8494
-1222
20378
4432
-8892
-1606
1086
-2201
5294
-905
3887
10849
-158
9766
-8477
-9867
-6623
-2759
790
8655
-12802
1986
-3935
3356
-6018
-3469
610
4206
-5044
1197
-9416
-149
6597
9171
-2110
-2630
-9934
-4000
312
-5096
330
-2228
11541
12261
-820
3665
-4160
-1559
-8865
-6136
2391
-6641
1563
-4411
5049
3493
12961
17256
4478
8188
-347
905
-459
-6663
2042
-2419
5120
-6460
3298
-4666
-7638
13370
-9841
2975
-5445
1560
16040
6451
999
-10597
3878
385
-1952
2957
6054
-10635
-5819
6908
10550
3334
3712
-1903
1404
-4835
-5715
-4505
397
-2296
4966
-1086
-5706
6246
-6468
-588
-4689
-1289
-10936
-7182
7159
9156
-5398
-1828
1043
-8454
-2856
-3021
9960
-769
19859
-10893
1327
-3206
-7148
417
5917
8060
-7947
9286
10719
726
-4464
3055
-566
-5499
-4417
-5905
8959
-899
-2797
9378
-1716
-5214
-4249
19607
2269
9842
-4041
-3051
-668
-7906
-4317
11148
13985
-8542
-1375
7462
-2719
-6135
-1438
-7315
1474
6756
5173
-68
-3677
-3740
-8421
-7592
2541
9053
5141
9146
21249
9982
-3146
-8801
-2088
8813
958
-2049
6904
-10078
4455
3261
-5677
-8383
-710
3677
10385
4861
-5664
-5085
4617
12712
-3154
6133
-4197
-8512
-8597
672
-2554
12276
3320
473
-4823
-8019
1449
232
6603
1448
4201
1313
303
-953
-8588
8672
-4414
6382
6679
-6662
-7426
-7682
-7372
-685
5792
-3327
-726
3218
15626
-1783
208
-3650
-2912
5273
-3255
-8499
5779
12491
-7362
-2550
6413
-776
-3937
12698
-3188
6922
-5061
4225
13921
6223
-620
-10731
4179
-4945
356
8506
5993
-4018
-5434
-7323
1089
-2595
-11307
-1679
-3620
-1353
-7890
10862
-6797
-2903
-74
12605
15459
14139
-4453
-4418
-4952
3607
10386
-7920
4152
14074
-2648
3945
24269
1016
7012
2618
-7963
12306
-7043
-3147
-3483
2874
-6948
-1069
-3923
10967
3861
15121
-3864
-3189
-5811
-9279
-1797
-5564
-4521
8655
483
-4412
-8420
-1220
-10271
919
-8186
5629
-4884
-1160
1437
-5990
11
-3674
-4716
-6510
6028
7995
-5770
4916
-1112
17986
-5607
7293
-2611
1236
-6991
-10322
-4857
-3275
5002
3119
1896
-7690
-1383
1938
-7906
-11297
1691
-8006
6700
-3579
184
-9192
-8635
507
-8424
-2789
-3295
4306
-676
-633
-5553
-6846
4228
-871
9864
2233
7635
7667
4500
2055
13237
-4750
10887
4311
-9369
-684
-3170
-2641
2334
-1368
3100
-7000
-3497
-1795
-6990
7603
12096
-6984
-1895
4067
-3489
188
-6535
-8332
-2137
9174
14782
-5308
6833
-5646
-2958
-7669
3997
-6213
6140
-4976
-5333
10258
-476
728
1894
1645
565
-4181
-1412
8788
14961
-684
2927
3919
-4089
-9856
566
-7356
-6890
-3867
2092
11203
-9975
-1628
19786
9569
-8273
-7917
15420
-4409
-4242
-4248
-4903
-6333
-4357
5475
-2848
3055
6722
7570
-4211
10870
11470
3713
5016
5577
-2364
-3568
5688
8702
-18
-2974
-9141
6220
4144
-5439
9679
2607
7868
-5116
-6077
-1201
11003
3494
-4469
-3751
-6359
4243
1022
8059
1016
-1512
-6164
1366
6007
11621
-1880
-2899
-6599
1175
4416
1284
-5163
-6094
1168
-8095
11113
1821
-5523
4564
16464
-1264
418
8765
-4249
11594
-9980
-7127
13
-5130
1313
-1464
-1408
-9637
7046
9779
-1412
2509
-1187
-1350
-905
879
-468
-5058
1800
7398
-6086
-4059
5748
-7481
-2126
2666
12538
-5699
-1117
19506
9270
-505
4480
-6482
-5436
5434
-775
-3755
18955
-2174
-912
-5257
1716
15327
-5338
11019
-5346
-8541
2641
3812
-8965
-3208
-5520
-7046
-5043
6005
-2818
1911
12864
18979
-3537
8557
-1251
-10449
-6787
1490
2891
13901
-6767
334
-5141
-7242
6694
-10857
3248
-321
-2713
-558
-4879
6991
-4090
-5105
-7287
-2264
2171
-2168
1639
-3425
-1634
-6218
1500
7678
3636
305
2353
513
-3637
6475
1834
837
-7958
-1447
5394
2304
652
15545
4953
-3098
13626
17339
-3458
9541
-884
-6353
10730
-4889
9868
-11201
6876
-11076
-2854
3455
-6307
-9697
8517
-3461
-1883
-2480
-3520
-406
3584
2473
-2740
-3573
8522
5952
-7189
-8473
-5401
10391
-382
6785
-4144
-4061
-1735
-5289
-6319
-8321
-7400
4049
14977
4646
7875
-4500
-1347
3855
-8860
16630
-1877
6374
-6854
6030
7213
4234
-7162
-6009
4477
7799
2851
1055
10897
8473
11442
-4552
2783
-476
3169
-9443
-5083
21167
-615
-4391
73
-8161
-4702
6251
479
-46
-3581
-2487
-7277
-6986
9290
16985
-905
-3738
-4494
-1853
-5304
5989
-4491
12304
4881
5620
10966
-1827
11531
-7648
602
-2672
-5627
-6747
-6107
1188
46
-1770
-7628
-2167
5980
-9629
-3131
9678
10965
4267
5375
-8050
-4168
-1498
-1129
-2871
-7070
2568
-871
11510
-4933
5723
-1943
-8044
-368
7937
-11077
-1107
-7029
13635
-8181
-2503
-2873
-1245
-4512
-261
-8635
-480
3614
564
3765
7820
6148
-3756
1769
-8377
-7427
7162
1378
7582
1110
4433
5999
13507
-8977
-4451
7310
7920
-6124
-2649
4744
-6290
-1493
-5789
12415
-7554
-5169
390
6210
-29
8213
-3584
-8608
1102
9092
13703
12659
1996
-500
-9446
-1638
-5275
6285
2829
2050
1929
-12673
-4784
-3488
-7835
-5478
7536
-3675
-2250
15134
13882
9757
-4687
-5240
820
8102
10848
-6831
475
-3193
-8367
-1875
5528
5215
5397
2645
-8249
-640
-7237
-9800
-329
17362
-3396
-6620
1013
2379
-2375
2443
1213
-9523
-1201
3779
-5495
6442
-3824
2666
-2632
-6835
-4026
15441
8441
-7626
-1974
8368
6213
6154
7150
-4639
-5157
-6475
3732
2975
1397
-8685
-8252
-2820
9359
-5159
-6174
-755
1537
-3821
4734
12963
443
717
-9522
-2881
-2299
-4906
2367
3189
4455
5005
4519
-199
-7979
3288
-1542
-1190
-1696
-5471
-1015
18004
6651
13654
-11013
2749
-6447
-11969
3227
1525
-141
-1441
-771
594
-24
-864
-9269
5188
-8242
14271
6977
5271
-9825
963
1863
3246
-2167
-3580
-3566
-4060
-1198
14600
-2868
-6199
2318
7464
3580
-5969
-5914
-1233
-10388
115
1156
-1247
5884
-4720
-4761
-2299
-3597
6356
-5743
5656
1856
1405
1874
-11496
-4353
-5328
-7639
765
3096
-6661
-7558
4897
9816
14643
9333
-1210
-6741
-8048
-843
-1021
-191
13438
19492
-11
5024
-11778
4607
-1354
469
-5095
-7117
5662
7512
2353
4403
-5566
-2184
-7676
-1364
-5524
1744
9464
4270
12776
-912
-6518
-4666
7371
-4409
-4747
-1676
-3227
-4128
3986
1545
-7033
590
6776
20215
-2271
2319
665
-5847
-4359
-6894
-939
7321
6696
-3558
14355
-6120
-5760
-3996
8040
11197
12032
282
191
-6901
2667
3550
10532
8528
5768
-2767
2248
6249
-8572
84
-1399
-521
-7977
-1044
-2705
-4386
8797
5870
-226
-12657
-2721
-11071
-4304
-5810
3085
3661
-8633
-2538
6071
17295
2385
-6726
-393
-810
3098
11369
-8586
-4089
-1899
9481
4535
11278
-6070
-9061
-2021
8107
4614
-3971
851
4992
-5505
-596
3585
-3206
5668
396
2766
-5266
3985
2842
17802
-742
-5095
-9103
-8288
-1509
2357
1166
-970
-3610
4680
-3210
-695
12721
-7046
-7566
123
-4767
-8451
-7670
-3961
-1534
-9561
-4976
-6783
-1815
-7792
4811
-8171
-7964
2766
-3891
724
16065
5478
9791
-259
11415
-3971
-6168
-1048
-4288
6321
5039
9864
913
4384
-9109
-3305
7806
-2050
586
1723
13349
-174
-10645
1935
-968
5514
4433
1511
5218
386
-6650
-4769
-1957
4965
8839
6622
4549
-8965
-5326
-1621
10504
7624
-7411
-5281
671
-9122
-2762
-6881
-5640
-1989
-2917
-6618
-9475
5004
2691
-7910
978
-2876
-5350
-4673
2723
5431
-2808
10983
1522
-961
4063
-5762
10859
-596
863
2843
4298
-7821
-3116
-3723
-10796
3963
-4805
23513
11008
6540
-5612
-3470
-2652
-5807
-6898
12198
-2525
1334
-10140
-8150
5047
-2425
-4148
10817
12647
-6232
-1516
-5823
5670
-5663
4694
1610
-1531
-856
-4231
1105
3536
5255
8442
8393
3549
16873
-7777
-129
-1757
-9142
3407
13585
2367
-6786
-8562
1459
-1963
2660
5590
15531
-4117
-2977
1235
-399
8270
103
-11479
-3603
971
-2523
3182
7780
2400
8747
12127
-9774
3824
17555
3705
9140
-8040
3565
10867
8187
-5266
-5092
3400
2086
-5601
-8094
5111
-889
12668
-12571
280
-6462
12445
9119
-1275
5761
12114
8092
-7433
-5249
217
-598
6811
-6543
-6082
-36
-6785
-5283
-5666
-10349
-1012
5916
9688
6012
-8259
3205
-6407
4266
-3725
4501
6366
3640
13546
-6150
-1851
-8221
15208
17407
-2144
-3257
-4508
-10999
747
-6003
-7754
2682
3077
14425
-315
2292
-5817
-5968
-1247
11152
8931
4402
3785
8999
745
13360
13131
2724
-6439
6636
-7252
-2285
6885
6174
10324
5630
4277
5038
-7523
-4028
-6314
-8998
5022
-846
1857
-1101
-7501
8677
15668
9739
10743
4874
6295
-4859
3521
12880
6503
8189
944
6325
6424
3846
5683
9471
-2806
-7771
1947
-3428
-5232
-4589
-5938
-3365
-493
13621
856
-6466
1435
-9646
-4927
-2564
-473
-996
4256
19796
18034
1688
2571
-4913
7703
-661
-2167
-4342
-8857
-2779
-2377
4021
-3264
1263
-6328
-3320
-7877
-2762
13869
5715
-2598
-6761
-1460
-4739
-7648
8656
6094
-6546
2316
2330
1816
-10802
789
-2300
5641
-4872
-2537
-2882
-4246
-1149
-10280
170
6715
-2457
-3537
-5085
13631
-5179
-3798
-6386
692
-2982
4063
-2634
-4711
-3308
-2612
8896
19425
-9953
-5185
-4495
16964
1309
-4459
3985
-53
8346
-3271
4801
15634
12691
1900
10828
2941
8578
3186
-6801
-2952
1396
2407
-7629
-207
-8236
-3800
12350
-8481
12931
6603
-9093
4939
5154
1890
2084
9132
266
-6130
820
1944
-646
-5885
1702
1486
3176
-2871
5190
-4735
-9635
2311
6329
5835
-7274
-719
2198
8535
4485
-9979
5542
-4165
-12636
-1785
10516
986
2700
-6203
-3878
-7509
-4264
-8552
9281
-5343
-7746
489
-1144
621
-13223
3676
-6352
517
-8946
-10980
-2132
7293
-2862
3588
2598
4225
3111
-3243
8174
-8510
-4681
-10366
2538
2728
-1742
-4658
-2339
-1980
-5723
-4274
-7195
5769
1
-2991
2293
-5044
629
4402
-3350
3702
-11116
8681
-4299
-2
-82
1166
-3148
-6687
14055
4750
-8255
-6754
7063
-5247
7805
5754
-1692
-9773
987
-5900
-6855
-9352
722
10312
2579
-463
15774
9348
-9300
-3104
-5696
5314
5083
-5875
3900
12786
7156
5925
7113
-10733
-2509
-8370
3338
-7138
-1497
-6829
184
2032
9845
12823
-3903
-7645
-3136
-7116
-3674
8572
6576
355
10206
-4592
4752
7433
1101
718
1777
-2531
-6389
405
15174
-7995
-2402
8725
7996
2583
-7416
4314
-4950
-6542
-1815
3619
1992
-6142
7197
5489
-7127
-223
-2527
-6409
-1449
-11356
-3796
-6340
3496
19395
4244
1523
10607
-6289
-3921
5501
-7300
-5777
-5681
5948
-6553
7078
-6934
-897
-3943
-4810
-6052
5087
-7112
5089
-1626
-6422
-4559
-2262
-7184
-4258
10489
1647
-5612
-8838
9283
3778
-3166
-2268
-7044
-3733
3863
6768
-5788
-2268
-4029
-6236
-6837
5854
355
23962
-7318
-8888
-1034
15067
6261
-4663
-9766
7221
1299
-6213
-5453
-4489
-1031
-3401
2589
-4413
8330
-8369
-10252
1031
3768
-896
-10957
-2200
6480
-6855
-4527
-3941
-4139
10761
-518
-8230
-3093
3642
-1147
-8028
6237
-6812
-6875
2727
-3412
-4571
-2541
5476
-7432
10633
2597
-6354
-2333
-10056
2007
-8355
-4635
1932
-807
-2941
-9631
-1493
-211
467
-5742
-3117
10623
-3151
-8301
10380
-11286
2221
-6165
155
-5270
7544
7779
-538
-7629
-3618
2666
-4465
-5103
6776
8607
-2979
-2579
2490
5213
-7420
4219
14583
83
8072
-2453
10760
-5593
-2016
-5700
-9724
4204
633
1376
12565
-9141
-3284
650
-4109
-6027
-4075
6585
3192
-8254
-465
-5481
16664
6984
7651
15851
21160
9677
-9740
-11135
-1975
-7935
-2289
-6617
-8322
78
10058
3738
13125
13804
5135
-7360
-1282
998
9775
-5142
10937
2743
10944
9398
7283
-4957
15271
-5493
-3266
-2048
-8027
8653
-292
7712
1179
-3953
-7914
-5899
-3688
7630
-1711
166
-2123
-3640
-6286
-7601
3982
-8388
10170
-593
-3821
-4449
-5829
-10194
-5211
2943
2639
-9947
-2616
9100
-1433
3723
10565
14677
-700
1523
2873
-5455
-1618
12539
5795
-6401
5662
14244
-10823
6416
-3456
17041
-6095
485
-9290
-166
13265
3591
-803
5036
6297
16699
10582
-3089
5181
-5556
-5537
-8967
1532
-6064
2640
-9212
-7485
3191
4597
17884
-2040
9354
1203
-7478
-7008
3008
4082
-12728
437
18495
1096
6942
1228
3487
1392
-8742
-2898
12825
-7941
-3485
-3053
2342
-3781
-3404
7380
-9998
690
-10200
1950
-3831
-2301
-1957
-2804
-3700
5816
-7289
738
-908
7027
4953
-1149
9136
-6100
-4266
1800
4070
4827
-4869
-904
8287
-7662
-3111
-5742
-6458
-8143
-7959
15077
-2161
12443
9357
-9064
-921
-14542
3359
4588
-7874
1020
2089
1272
6612
1568
5296
-7894
943
-2541
-295
5260
-8874
-2599
-10116
-4070
-7178
5026
23204
-788
-7116
-9733
-5871
-3991
7650
-272
-3914
280
7075
9895
1307
6782
-2595
-6608
-4116
14258
-7632
-4224
-6825
4925
-1389
-11739
-5057
-5079
1540
-5093
-2253
-6672
7106
8592
17839
-1788
4396
12701
-6357
-9825
1003
1349
4672
-5764
3517
9101
-8366
-5162
8747
8885
-1525
-3667
-6715
664
-8436
507
5262
-12969
-925
-1511
3915
-2493
-5891
-8116
-12593
153
12455
21757
8669
-5134
-2152
-6524
716
-2525
10882
-3214
-6848
-1009
-2073
3922
2515
-2078
-6752
2614
-1608
-9
-1475
9966
-579
-4151
-7277
-1804
-3391
-10083
5952
10474
12249
3703
2730
-1438
-3566
-3544
-7542
-667
-2652
-9644
-3065
4058
2859
15927
2400
15622
-4772
-6238
-4422
-401
4383
-640
-4619
-820
5477
-69
-2968
-2439
17450
3642
-9483
-2080
-6928
-2651
-845
1014
-1968
3402
-4690
12726
-9378
-9052
5332
-2457
-9362
777
-515
-9676
-1105
-4162
-605
10830
743
-5549
1130
3260
-1450
7920
6215
6473
8498
10098
7550
12907
-4866
8856
18121
-9685
-4210
3279
-4262
2606
-7387
-26
9460
6337
10104
1539
-6061
-3751
-7911
-6831
14557
19854
3385
3356
-7532
-3435
-4874
-7787
-1929
6390
5579
-4574
-6297
3632
-6931
4657
-7171
4573
-4318
-2738
-8840
4625
9018
1057
-1667
11775
2534
11198
12246
-95
-9463
756
-5853
6276
-6933
-1442
-2806
-6394
-1985
-9727
11949
3872
3353
8004
-7727
-3191
-1182
-1812
-8103
-7063
4325
11296
4382
819
4996
1301
-5187
1756
11817
-7095
-11768
-7264
6584
-3783
-4262
2929
-7090
3182
-7791
13389
9756
-3485
6276
5178
1150
-3068
9529
-6106
-6226
-1675
-9139
3289
7707
839
8093
13138
12
941
6345
-11166
-5453
1662
15758
-1711
8011
-54
5531
178
-2923
4836
-9826
-3987
-4878
14713
22151
-1522
3269
11748
8180
-2885
5191
10008
-7052
10011
24
5701
-2607
3670
-1783
-5224
-13020
1757
9120
-5538
-2254
-5353
-3035
2238
-5168
-3385
-5783
-8379
5833
-4334
-3426
2118
799
-4079
-2679
-721
-3091
3238
-8256
-470
-1022
514
-1503
1853
2950
3313
7078
-2809
8900
-9737
5339
20133
-184
4328
-5539
-2703
-3675
-401
-7319
-7856
-2230
-9428
143
-1416
9499
6110
1099
4938
-4929
11583
-6988
7938
-4812
-6483
-5375
-5229
-4991
3816
14738
-4245
-2809
6044
398
-4285
4290
-5015
-5511
1430
4998
13174
-5118
5552
12134
7491
2186
8645
9184
-1516
640
2750
6860
-5335
14854
-4719
3226
3792
-1241
15068
5297
7202
1942
4379
-611
-7285
512
-29
2022
6962
-682
12986
-8222
4838
-2958
-4400
-5522
-7578
-2707
4054
-2203
1985
7205
-6665
-8195
12209
7235
9167
-7021
-5941
-3152
-5224
-6393
729
-671
-5671
-2954
-3849
3203
12063
-4418
3018
2403
2979
-5594
-1443
16862
-1090
2692
2847
12704
-8614
-1976
4524
-5540
11246
-6482
5605
-3165
-3831
-392
1444
-7168
11415
14250
-8044
-4725
-1251
-1848
3511
-6253
-3464
4235
16200
3034
214
11280
1466
-3886
-6221
-7285
-1035
12843
-7460
496
5848
-1804
10049
8758
-4414
-12496
3774
-8596
138
-2743
7099
-1185
-3578
-2159
-5248
5124
-4546
-7922
6400
-115
-7531
-4148
7032
-603
1010
-1795
-8288
-804
-3675
1175
-3995
-9129
-1924
15445
-5985
-9381
-117
6177
8984
3652
-7621
-3156
3155
-9189
-2213
5462
6082
14468
-1458
4356
3124
4513
5124
-10245
3900
6120
-6553
3620
4228
1179
350
-2206
-5012
-1939
-4070
152
8249
-8360
4836
-7727
6383
-4741
9574
7782
10446
205
12196
5611
-4857
8277
-5281
-570
1343
-6193
-1447
-3067
8
-5466
317
8538
-3008
-116
-8614
-8969
1699
15354
12292
4765
-4205
7200
-7061
-1999
-3187
7228
-7280
-2771
6378
2065
-9700
5452
-3169
141
1506
-6912
-5458
8384
656
-5888
-7339
6855
-4362
-4563
-2889
-6327
11932
1357
1258
9279
1538
-9317
2100
4465
1043
-7675
69
2802
1074
2612
7263
-6765
7713
-3846
-6135
-1650
8484
3336
9872
-7059
2188
-5995
-1941
-1524
-7202
2140
901
-5802
-2043
-1247
-5993
1780
-3951
11769
-5293
4286
8033
85
-6524
2260
-4203
-4603
-6861
865
9854
-3800
-7802
-1261
12737
-3275
-5922
-8154
-2707
5091
-7208
-4131
-8764
-3789
5229
-7769
-769
5508
1777
1503
12308
-7316
7898
-7226
1587
8975
-4108
829
20096
8045
-6482
-5370
14355
8262
17257
27004
3538
-6938
-8334
-4866
3735
12150
-5437
4768
2060
-345
-1906
18679
3615
205
-2056
3727
-3254
-2335
1475
16679
-1408
-7045
-3777
245
-3806
-1828
-3205
-3911
7906
17442
-334
7784
-2437
611
7271
-6080
-3860
-4182
818
-1723
-3572
-6592
-651
-6088
11945
4389
5089
-11614
3144
-9716
-2364
4747
609
-5064
-3472
744
-3683
-5635
-8692
807
12038
-837
-1344
11790
-168
307
-604
-10733
7926
13644
-2806
11532
1357
-6218
2497
15517
548
-4422
1421
-4959
-2813
-10100
11093
-8479
-3135
-4586
7386
761
-1320
-5289
-3182
-2472
-8235
3018
-339
2969
6958
157
-2647
3894
-6236
3035
6636
-1922
3383
4223
-4956
9012
9401
-7560
4734
14471
-5962
-38
10167
-9831
-2508
4425
-7074
4105
13887
4841
6439
2555
13436
9121
1018
-4452
-8067
-982
18527
9167
-3624
-10544
3996
-7452
-5817
-1324
-126
4298
-7222
-540
-392
8712
-5500
-7350
-181
6450
5599
-8192
-4961
12796
-3423
2102
6414
-2867
-5822
-5017
15799
11222
2570
2809
-102
3332
6209
2307
-6473
2716
-567
8199
8411
6027
15528
-10113
7689
1719
8234
-4918
11995
-6636
-4840
-4516
-5776
-1157
-4593
8862
-1128
4458
-1742
-1367
-10470
-3943
-7438
3228
16557
11428
6018
426
10285
-3859
-6900
-4948
-7673
-2861
-7908
560
-10487
3842
6973
-3958
790
923
145
-4964
-1487
-771
-5387
5349
12933
-4637
4965
2657
-7074
11133
-1628
-1566
4233
-5662
-8227
-4855
-2060
-1763
5584
14523
-6323
1557
743
-766
6086
-6939
-10125
-783
21146
5852
-5975
2883
-3231
601
1568
6603
18492
-1383
752
-2791
1718
9702
-6101
-2058
-9952
1626
11317
5557
-6188
-3609
1505
2568
212
-1594
4289
324
-5501
-1461
2334
14501
3839
6160
13125
11348
-3502
-10214
-7263
-362
-5619
13336
270
-1139
-6753
5116
-7222
-6928
-1163
-3685
-2660
2868
-6458
-5506
-1980
5570
-7278
705
3194
9506
-6254
5601
-1109
-3618
-2057
-3357
3778
12989
-8055
-5809
2992
-3656
11260
-1853
-2595
-5418
-7154
-5204
11383
-10347
-7257
-5118
7129
-2963
-4231
-8200
-7792
-5496
-2051
35
-1106
-5384
-3312
3761
15518
-4718
-4027
-5225
5121
3398
14214
12976
-6328
4797
-2328
-1132
-8059
-7045
10216
-4600
-1431
-7814
16652
9271
-3290
1931
-4965
-5471
-1151
-4499
6554
-5099
-4352
-2206
11368
6085
-3363
7571
870
-7334
3953
-3190
-13316
-2918
-6276
5496
-5496
-8168
-1409
13804
-5381
-6006
1139
-963
-11936
-5937
5637
-928
7157
8079
1828
-9964
3347
-5198
1874
-1216
-8877
-4463
-3351
-204
-2247
2483
-7897
-2254
5899
-3360
-6035
-1893
8558
1511
-4895
2724
15071
7869
-609
-6117
-4469
-10516
4709
-1269
2615
-7276
-5005
-5341
-13745
-2268
-7518
-10272
5797
4869
7854
1133
-5216
6393
9031
6875
-1329
5086
-3067
-479
-6909
-6120
4126
-8066
-3302
-3018
4996
-5977
1677
-5697
-5579
1199
-6544
4160
6578
-4145
-1304
-4553
-2675
-11672
2535
-2919
-608
4880
1384
-5238
-6472
-1345
1552
8704
-5077
4351
-4147
8401
-9422
-3082
17575
7212
-6945
-4310
3302
-7002
-6398
-8
-7675
9953
-7708
4183
-1525
-4644
4432
18057
-5683
-2245
3909
7087
1958
-1670
9510
-3419
11545
1596
6677
949
-7140
-310
1377
1406
-2623
-10793
495
-2647
12187
363
-5866
693
-1534
-5607
1175
-9689
-5594
1211
-1464
7910
782
737
-4950
1701
-4379
-1951
-8241
539
10143
463
-6759
156
5099
2729
-1644
5159
-1516
-5290
4471
1288
245
3398
-5079
2281
2956
8759
-5315
-8458
-4386
-2195
-6239
-5639
9264
-1384
-12679
1106
7264
-5912
-10670
3035
-3981
-8992
2693
2633
6333
-4338
5877
2883
1829
542
-8700
-1163
2193
-4543
-1469
-376
4670
6712
-4390
-1215
3954
3665
632
-1095
13820
8646
-11263
9984
15764
-7293
2429
5292
-6850
4657
-2646
-4517
2470
246
12987
-1072
-126
7067
-6021
1696
1256
-4891
-2326
-7397
-4219
-3040
-8390
-6993
-7835
-4255
-4606
1261
4908
2945
5935
4981
629
-1503
-9269
3629
-7136
-4128
-10335
-6430
-8606
7499
-7725
9057
-242
-2680
-4338
-3166
3001
-4553
283
5521
-1260
-4402
-12240
7415
4952
-3302
13333
4959
-1649
-2266
-418
7934
6078
8958
210
3138
-1945
-2531
-5813
-8773
-1681
-9523
-2586
591
-1315
-7006
-7818
2234
-5766
-6848
-3032
-6258
17787
-2973
5616
-7735
-2055
2848
-5565
-5247
6254
4494
819
-3720
2024
-1842
-3558
-5598
3817
-1177
-5721
2833
-6481
1966
7228
3044
10722
5183
-3671
-4602
74
-11518
260
2932
-10171
-417
7126
-5026
-9865
-8224
-9821
648
8273
-1904
-4684
2434
3945
-3530
-6241
-2477
4986
9450
7481
-6142
3888
-1028
-7009
-1373
7327
9239
-3697
1114
-1085
-6474
1023
-7165
6276
-4377
12478
-2248
3180
-2680
-6329
6578
-549
-1181
-2517
15115
-3250
1186
13832
8894
-7058
2339
6830
-3502
-6877
3232
-3937
1891
7515
-11370
-6041
-1616
8159
-711
-2876
-6302
-3384
-7099
999
1548
17020
2514
-2172
-34
-1608
-97
1552
6517
-329
2565
699
16589
-1397
-10175
8958
-1866
-8231
-1543
-5313
1732
5620
4696
15824
4116
3228
1780
-2333
3122
-7408
3046
-14812
-1788
10773
-10216
8951
11241
7277
4992
3227
-2769
814
-5799
-7260
-3378
3564
-2497
3522
11660
-5224
-3169
-10030
8735
10979
-10644
-6229
3986
13436
-4229
3346
-4227
3495
3025
-3469
19722
-797
-7097
5099
1842
-3547
-5986
-7165
9276
-10485
-7567
-5582
4606
15736
-8047
8044
-7965
2990
-313
12970
13572
-7041
1546
-2639
9136
-778
2428
10402
-3190
-6734
1893
-34
-3308
-2299
-3520
-4537
-9284
-834
-3000
-6287
9804
8081
-1839
2055
-8551
-2026
1868
-4255
6632
240
3301
3317
9093
-1379
-6619
-2712
-14337
-3291
-4851
-6188
7145
-1420
-8174
681
2594
-5623
-6904
-4107
6744
-5950
-3161
3655
-3246
-9063
404
2587
8392
8524
2426
1877
2781
-2716
-8071
6643
-6880
11907
6319
-3878
450
-7726
-1972
-6011
-8413
5526
2837
-7699
-2427
-4173
-2013
1649
-1607
6168
-9955
-1562
-615
13004
-2298
47
-4637
-9573
952
12713
2813
-9761
-7305
-4036
-1435
3358
770
-7522
-4062
-631
-4071
-9315
4092
8484
22132
2128
-9380
-4188
-7150
5745
3760
9256
-7102
-4457
-2438
432
15423
-4925
2452
-5632
-2669
-270
3193
-2262
-7825
-6050
-7374
-1310
-696
-5036
-5184
4877
-9631
266
-7267
2751
664
-10512
-3002
-8889
8119
8534
-1132
14985
-5799
-5035
-6933
-6427
-5908
-7428
-3141
3567
-8006
-10515
15489
-2758
-3964
-9943
7646
-4535
-8480
-2017
-1912
3319
-2778
8021
2936
-6265
-2747
-376
8335
-1030
4995
-2200
7984
9286
7529
-18
-2747
5246
-2247
-6382
207
2299
-1311
12741
4984
-5037
14838
-7869
4887
-7897
-2536
1414
10233
-4961
-1229
-2082
3809
-636
-4755
6458
8003
-5740
2771
-11008
-6378
-5422
5309
3576
-456
-10323
118
6672
4266
-270
1697
-542
1926
9408
-643
4563
10577
-1332
-11457
3535
-9358
-3694
254
-4955
-2757
185
-7927
-471
-6622
-8489
11324
2850
-2578
13261
-9226
9293
-4466
-2802
-3702
-833
-1803
7993
2341
1679
-2554
-5731
-5472
-2488
-2213
12547
8989
-3428
-6239
1821
15006
-6588
-6823
-4392
-1429
-5878
3987
1359
-7391
4553
-6370
2613
-8898
-1408
-5574
-7712
-1545
14199
851
-7812
-3069
4459
-9620
-2059
-356
-6823
-3381
3011
9190
839
10527
22652
-960
-5502
6139
7021
-12420
4141
1396
-11037
2939
-7228
-3014
1696
-2009
-4432
4181
-1631
-10916
4562
-1026
12532
-4656
-7509
2713
-3761
2656
-7420
-2897
-10502
-5018
6095
19038
-8932
3687
10982
19688
-7300
-1196
-7103
1848
1718
5315
1371
7313
-527
-2590
-9107
-171
1191
-5262
-9906
-8978
914
-2149
-9061
4102
1950
-1722
-9369
5363
6726
-5759
-8676
6123
613
-3609
7416
-7214
-5407
986
6751
-8334
9031
9921
-7358
-2978
-1888
1006
-2904
5592
-7150
313
2822
11328
-10532
1510
-7340
3910
-3009
5412
8382
-3405
8893
7146
4181
-2880
-946
-8291
-5138
-6883
-4166
34
-2346
1636
1838
7628
-5125
-8329
3337
6589
11297
3660
1204
-1707
-727
6853
-6051
-5851
305
5724
-4976
-1631
8336
-1268
-3573
845
8497
-7609
4451
-6399
2351
-6994
6954
4673
-6513
-1817
3721
-3109
-5030
2308
2088
-8508
14214
801
455
1347
-4173
11208
11350
-5192
-7130
10368
846
-2803
2025
698
-74
-584
-10374
6021
-7379
-525
17188
-2283
1512
-2595
-10163
3188
8691
1655
-2272
12120
-3590
-6236
5368
-6296
5471
12586
5133
-4091
-1723
-9319
4274
-2657
-2729
-7075
695
4357
5965
-1447
-5023
-8408
5364
-1817
-5108
-2616
-2589
-4089
87
15297
-3904
-1311
-4871
-6846
-7997
7914
-8454
331
-8305
-6222
-2547
-9578
42
1678
13058
6735
-2266
1722
3291
6011
-7681
5781
322
-10074
-353
-6340
4183
2126
-10294
-8928
5086
-4600
-7807
-1560
3304
-5484
-4044
-4781
5256
7418
13068
1312
11449
-6706
9743
-690
-1999
-8854
-2384
3316
-4302
-6184
-4464
801
-2276
-4653
-9711
662
-2168
11186
530
1252
-6302
5255
-6332
-2652
-784
-2993
-272
-3785
1884
-7115
1782
3600
4140
10579
7141
-5639
8316
13842
-2695
-6014
2303
-169
223
-3212
9290
5686
-8363
-2212
-2470
-2234
-6166
6946
-3253
-2879
-10301
276
-3702
-2838
11066
12148
12751
-8793
-2495
4849
-6987
-3466
-5637
2150
20883
-4022
-6649
3391
-6880
-7349
-2000
112
-6298
5841
-2471
-10206
-7994
-3356
13673
-4187
6807
9605
-8502
-1602
-1795
-3577
-399
6995
-2119
-8935
2945
-7703
-7264
-1163
9029
-8329
2206
7060
1839
-7326
-9337
2840
-6383
-1618
4311
11094
-2306
16557
-2901
-406
-5966
3819
-1854
-9940
-4848
797
6425
-2671
1126
13778
347
10670
-10793
-2713
9886
-159
2673
-1650
14343
2355
3086
-411
-6512
2747
12299
-3023
11663
9506
12677
11054
-5932
-3272
2213
3382
-4914
14703
-4397
-8025
-4408
-2956
5475
-5697
2440
3772
-2843
8993
-6598
-1699
-3173
7006
1536
6483
2706
3071
-4683
-9174
3388
8128
22617
-5012
4254
-2818
-768
-7201
229
1327
6167
4433
-3637
1860
1547
15185
-108
-45
-6689
7377
1837
-4550
2772
859
10947
-10364
-3991
-1075
-5728
-2139
-298
8422
9108
6247
2175
-9512
-1953
-5555
-5399
-6385
8
1211
4624
-1862
-941
4849
2158
-10274
-10073
2057
4283
17562
-2893
7724
-8758
-1893
-5347
13334
1443
1465
-1002
901
-738
-4628
10433
-5889
-2823
5896
-6664
-8082
14224
-4021
-4984
-7639
3274
-7085
6294
-4607
-1900
-5329
12538
-2333
7524
2268
2808
-7294
-7025
3006
-403
-7643
-3486
-850
-5652
1953
-7249
-9894
-43
-5979
-8498
-41
-8245
-5557
5929
-4281
-2061
2069
-4788
-5059
-4180
-5655
737
-473
2502
-6756
10436
1566
-6069
-2888
-5452
-5033
-6067
6998
1936
-9689
-7372
1421
1566
11844
-3470
-6461
-2658
-11296
6048
-3325
5998
1987
11374
-1860
-1932
-5958
-4176
7013
10489
11956
2988
8850
-731
-3013
-1732
-4106
-3449
-8063
-2165
2799
-10525
-1729
-7544
-2811
9278
3764
13709
-1137
8279
20209
743
-4642
-2761
1159
4830
8735
-10478
2908
3125
-539
-3994
-4909
-5725
-1940
-12017
9351
5828
-4311
15062
8211
9294
-9482
2803
-1666
-2357
-5302
-4757
-1087
-6938
-6207
-3305
-12294
444
9313
-3047
-6964
3100
-5852
4022
-7820
-9246
-1267
-10108
-4115
-25
3675
-1490
7729
-4841
-553
7992
-9956
857
6525
3424
263
-10894
1136
-1899
-2243
8614
-4242
-10393
6883
-2389
4347
11008
-6819
1231
3960
-3055
1537
9681
9065
2072
4977
-1993
-3565
-6898
6533
-2725
-7741
-4978
-5067
-4503
-8045
-6748
-7316
-10119
-2043
-8593
6777
17170
9268
-8662
-6853
-4788
-4152
-7868
-2008
-1323
-7511
3139
2032
-9764
8506
-1535
11078
5608
-6073
-5113
6261
-4119
-6211
-1050
7134
-367
-860
-3088
-9082
-3035
-5877
16645
1145
-4744
4821
8741
4492
8677
-1433
-1914
1443
3579
-7976
12162
-3255
6623
-901
-7228
10332
-4872
1672
11094
4210
15625
17233
-4986
-6497
-573
-11287
2922
1449
12767
-6889
-3860
-5407
-3845
-5628
-3750
-7318
-919
-7562
1112
-7955
-4041
9729
-462
6665
9800
-6439
-12344
-3130
11661
7250
-5632
1979
-6388
-3227
-5420
1960
-9268
5527
-6777
-1639
25958
3359
-314
-6038
-7105
4401
6610
-3484
8428
-3592
-2050
-10903
1899
2340
-7191
7599
1151
-3092
-3272
6080
6033
6654
2046
-5982
718
5595
-5705
-1628
-5431
2224
-1507
1904
-7448
-1715
-74
12841
-5491
-7268
10538
2502
5369
-6754
5815
11410
1153
8206
1526
1275
1055
-6580
-9134
-3411
8162
-5151
8477
-7238
-1815
1864
3196
-2198
-7622
-5214
1520
-510
5226
5411
-8021
-3262
2233
2539
-3291
3164
-1140
-658
-3943
-4067
-6342
12510
6257
-3476
-1222
5231
-1764
-5291
-3796
-3180
-5127
-5681
-5441
5657
-1078
-8185
711
5189
-9261
-582
5454
-7284
1511
-15063
2613
-7780
59
15629
-13342
-3506
-5048
4883
-9358
-2091
-8213
-5718
-5737
10080
-5767
-6079
-5273
-4858
12948
-1741
9963
112
-6537
-5820
6575
-2887
-3134
-1102
-4461
2884
-8443
-2248
13434
6423
8711
-9925
7721
9014
3117
-861
-8828
2830
7741
13498
-6831
-5098
-3927
860
-4576
-9023
-3447
-5101
-834
878
-5327
1236
-9253
-1996
-5691
982
-4748
2867
1979
-981
6099
-7507
-129
-4668
-6333
-5041
-3252
-7188
4722
8734
7219
9442
1677
9890
-9974
639
-4634
-7152
3609
17016
2374
-3033
-508
-9024
-4242
16523
-2557
9972
-11570
-7023
-2311
-10524
-7835
1008
-2062
-3540
2814
3696
-2030
-4385
7094
1019
-431
2742
5504
-4772
13262
-4932
-2068
5137
-6529
9575
5259
-7599
-762
-5321
-7163
-3884
-7927
8782
-6536
13993
129
13959
-1760
-7346
-5381
6105
13462
-3234
-5201
3782
14485
10663
-1685
-6648
786
-7127
-1970
-7496
16836
5813
1423
7870
-7243
-4497
-2491
-9390
641
10252
-962
4338
-6507
3193
-462
-5781
5768
-2713
-7454
3203
13926
-4404
-7245
5187
5546
-7419
6647
1859
4784
1654
-4914
866
-305
9022
-13875
-3563
1214
-6003
-4434
8041
10307
-2501
-4977
2519
6396
-4329
-1118
-5291
5439
-3231
-5658
-2245
11833
-6399
559
-12028
-4188
5532
-5685
-3228
-4784
-9082
2203
11624
14286
15910
17877
-5816
-1785
-4961
-6372
1721
3643
-1050
1901
3579
-3723
2979
3041
-4150
4731
-2288
10222
4364
424
-5393
-1904
6741
1299
9994
12945
2552
1138
-3265
-196
-4883
-1400
-6283
5199
2222
12494
6598
-3319
-1286
7914
-7266
-5029
19463
-7702
-6886
-1739
3122
-1202
5353
-5706
-1190
1072
-7206
-5658
-7742
-4015
6295
-2286
-3486
-5456
11656
16808
-4860
-4070
-5264
4568
-1079
11826
-4348
4976
-3120
1447
-5933
486
1891
1635
-2531
-9311
-2248
-5484
11126
13362
7168
6690
4329
-7605
2276
-3487
-1981
-2369
-6847
-888
-4799
-1930
-7266
1378
-3821
-7485
-7250
-3190
-2601
4076
12493
7574
3897
6862
-4307
-3267
-9093
-7247
-4801
2851
-7299
-267
10273
-9137
-1482
8471
17685
6005
5918
-7072
-1633
-8670
135
-8040
2083
3657
-3639
-7560
-83
-5580
-3262
9370
1911
12552
-6832
-3622
-3372
-5486
-9415
1065
4036
-414
4096
-1760
-8235
-372
6002
-9234
-666
-156
16406
7872
3796
-5464
10416
-5095
-1905
1780
4313
3888
4357
14138
-3435
9504
10617
-5086
-5202
361
8854
-10068
1727
4073
9993
-7215
6991
-5673
-2386
19211
-6602
-1220
-5829
-4608
3776
3843
-3672
2960
6570
-9672
-2867
-902
-10949
7009
-935
-956
-1981
-5590
1166
9230
6138
3166
-4344
-2650
10497
-1817
-7165
-7079
-6185
2387
-8868
685
4291
-9331
-54
8032
-8513
-5117
-7296
3945
3042
-12270
-3208
10854
2820
4783
3619
-6383
2973
134
17650
2319
1932
116
1947
-3192
-11328
4540
-7780
248
1171
-13070
-2038
-5123
7706
12835
8244
6838
1064
5693
599
18991
1010
-1501
-2983
1853
2737
913
2056
4209
5248
1244
-3423
-9581
6146
22641
-6227
11473
19012
-5667
-8221
9371
5372
-4955
-6009
-3464
-555
2333
-7412
-4164
-2882
1684
8844
5236
385
-4723
-5094
-6019
457
2512
-3674
5549
-6372
-7149
-3513
2471
-7917
2296
-9335
-8590
305
-5612
-1037
3068
-4467
-6937
2005
9691
-4224
2077
-7132
-6136
-4439
-8209
1825
15855
-7203
1304
3014
-1604
-3637
-3862
-3315
-3728
-8262
-195
-6685
11318
-443
-3861
2378
1540
4367
-2539
5505
-2459
-9066
-459
-8608
-4848
38
-5782
6038
7747
19164
-2407
-4040
6666
12158
-261
892
-6644
106
-8197
-967
-1846
-1535
-5269
-6208
6764
16357
-3501
-10612
-2098
5171
12188
6206
-4943
17603
-6523
-3562
2233
-6176
5202
-8087
-78
9493
470
-5686
5840
-6684
-7383
-3173
15260
8482
4165
-2280
-3542
4076
-9240
-3388
2614
6606
253
2269
16856
-2805
7255
-2308
-4388
-6900
-8687
-1860
3355
-2372
6702
-7826
1024
-11244
-8491
8478
-4837
-3477
-8711
7193
3642
3218
15741
-3909
18800
7975
9583
-817
-7154
-5567
10293
488
15454
-3060
-5729
-1545
3861
-10136
3679
1057
-9599
1553
-3811
-2865
-8821
-5085
-3739
826
-261
-1834
-6860
13715
-6665
4628
-5973
-7037
-3614
-2011
5200
-3121
950
1442
-11254
-970
5569
-1964
2994
-7937
2342
5927
-8241
-7124
7030
-3903
-4349
-9165
-3240
20963
11615
-81
2971
5943
4324
-8706
2838
-1043
2615
-1235
-7281
-2834
-1201
7992
11276
-8438
-9979
4999
-975
2471
6402
5690
12318
7834
3095
-9884
160
9326
-3772
1270
-4937
-6372
-8715
-4944
-2243
13596
5107
-7167
-1630
-7253
-1179
-6112
1608
3164
129
5023
-635
13498
-784
-8086
1633
-469
2172
9793
-5058
-5165
2140
-986
-9299
961
3807
-7161
-6048
7630
5851
-7926
8673
-980
4540
-6368
-7834
2048
-10216
9628
-5317
2988
-4788
-857
14508
2718
-1679
3175
-454
-1804
1695
-872
-4244
8284
-7396
-3995
-2514
2183
-3217
-8894
6816
-9609
1096
20431
1859
-6516
3251
-6979
-6680
-3849
12853
7567
3067
-1491
4218
-9523
-1637
10291
-1416
1783
14215
-6788
1285
-10345
-1704
-5907
3535
-5116
-7228
-9542
-6235
-1193
-5082
5510
9103
-375
-4211
4223
4514
5684
4443
8578
-6949
-3961
10248
-1370
-10417
3466
-5798
8243
5043
-5018
-7353
2032
-3553
6949
-11060
5546
-4410
-5796
-2625
7008
3368
10410
-4967
2081
441
-1149
-6845
-4037
5969
2828
5702
-3615
10450
-2430
2627
-6293
8819
3175
3092
2986
6305
-8468
8893
1808
1935
16561
562
9255
-1004
2717
-8225
-11431
-2139
4597
7870
4332
-5262
3093
10324
12357
1342
9349
-11301
4366
-7745
-9003
3802
7297
-2918
-6309
-4126
6167
-946
6075
-910
-5328
2544
8980
18115
-4477
12272
-4957
-7112
-7034
13393
1293
-769
6841
-7441
3812
-299
-6901
70
2252
-1384
-6789
-2667
6356
7961
-3293
7496
64
-14415
4023
-5935
14867
12206
8556
-6734
-7847
5204
8681
7814
-3072
-106
-6503
-162
5546
694
-3119
-4217
-959
-1249
9098
3027
3054
409
-3821
7912
-5284
-6589
-7360
-4340
1618
13510
3084
11474
-13346
1542
-10207
-4477
7146
13862
-8502
3131
-4416
-632
13626
8509
10941
10018
-5021
-6311
1856
-8916
2681
-1587
-874
122
35
439
-1695
7813
-4795
-1562
-4765
-607
6783
11012
6874
-2992
4835
-10117
9214
3349
-5615
-1925
13162
5198
7420
8487
-787
-2630
-3064
-3605
-3501
-3716
1251
-323
7664
13979
-4067
3987
-6828
-884
2754
11717
5556
-6584
2103
-4028
-12569
-1175
-5610
-973
-542
-4734
851
-7031
-8496
-2715
11903
-7314
5206
9534
941
-3611
-792
-2046
1892
5494
-3773
115
3245
5005
16277
9036
14369
-8381
-4674
15100
5744
-6690
-8635
13925
19368
1789
-6978
-969
2405
-1606
2340
1249
3020
-5740
-1418
9054
-1096
15112
-145
-3927
9354
-193
-3871
-2536
-7056
-8941
-6288
3831
3802
4948
5784
3858
-8768
5707
11524
-8999
1252
20258
5131
11928
-93
-261
8267
7556
-9193
-1660
-6472
-6957
-925
2728
15547
-8747
-9705
-5163
-4773
937
-6115
-6904
8144
-6241
-3916
309
-3599
3390
-4653
5122
-9746
-1128
10494
881
-7003
-4685
16835
-9116
2223
2145
2131
1471
-2556
14621
22397
-963
4491
-1524
-3057
-7788
69
-4630
-7650
-4681
-10384
4440
-3899
-3535
-7013
6929
-7335
5518
-7742
2390
2317
1420
5216
-7387
4901
5969
-3398
-8601
3729
3755
-4319
5271
7104
-2152
1523
-4950
-2665
4731
4614
-10105
7782
1242
5980
-6042
-2139
-1846
-9601
7733
16502
-2053
-9218
786
3905
-7791
1600
5009
-7220
-2596
-4782
5284
4477
-11245
-8464
-2965
-4128
1083
3414
-7192
3167
-8756
797
17607
-6776
19250
-4422
14272
48
-11028
1122
7579
-7246
-6228
2030
12095
-8866
5482
-12918
8215
-5465
-9089
-2585
5933
-11586
-4309
4375
13726
-5815
-267
20039
-9207
5975
-2529
621
1378
7797
-3827
4212
-1860
-7511
5916
-7248
6359
7858
-9332
-88
-7817
7423
4050
6168
-1383
3653
6252
3139
-6507
4196
18116
-2141
-4097
-6223
-11284
-2502
-169
11489
-4695
-7396
5293
8140
-9271
-3364
-4138
20810
9318
3439
12968
8484
-5202
-2690
2908
12676
-1002
11513
3462
-4014
-9362
-1926
2989
-4827
-1966
-7833
5143
-1138
5406
-3833
-6949
5824
-3825
2272
412
-7828
1931
-8374
1906
6744
10680
404
-258
-1639
-5758
-6181
3990
-3542
3643
-4821
-6784
-7337
2905
-3339
12775
8374
-2939
-10685
8306
-1688
-6756
1074
11659
-12291
2651
13269
-6582
-6865
-3979
6106
119
99
17773
-8089
-4716
-3841
4090
9940
-10120
-5625
5805
-3249
3785
953
-3909
5774
-9315
-7922
-590
-5779
-538
-1600
-6300
-1304
-5273
2644
-2961
-972
-5969
414
-1
-2785
-1970
968
4009
-3499
-6265
-1027
2753
-7803
8153
2756
7478
-5875
-2791
11615
-197
-10358
-5447
14672
9849
-10964
-4460
-6240
-4540
-10772
-5667
8666
-4918
-8666
909
7010
5141
-406
11230
-2313
-5110
-4670
5590
10051
10252
3166
4526
-3628
-1811
-8952
-2173
8978
-7387
-5423
-7875
2692
-3433
1989
15694
9033
-1638
-10972
-5591
-4532
-8185
-2397
-10109
3598
6833
188
6447
681
14346
-778
8997
-6576
-6042
5461
8267
4255
5947
-5023
-10306
291
10241
-2177
-4308
-622
-6271
718
-4213
3019
-1309
3197
1964
-8905
-48
7351
-6312
3348
1563
-2340
-2931
-8659
-5927
-3249
-2829
11441
-6156
-8927
10111
-2147
-5905
4037
5020
-3297
-6697
-2591
1463
-1844
-2787
-1031
-750
-5753
-2268
-183
-3717
6377
7830
13745
2584
5377
-4661
-4836
-6950
5474
-93
4206
-5031
-2727
5512
12433
11652
3088
3432
-58
-9500
14950
-7462
-3158
1090
-4741
-4879
9076
3344
-4487
-4977
-8130
2872
-4923
-8557
3400
409
3788
-7338
-6459
-1453
-2759
-1183
-5604
2829
-3265
-9171
2485
-4747
-1011
-5129
-9443
-960
3036
-5286
-4387
-808
5500
8520
2694
6599
-5557
-981
-4783
9494
-3032
8779
-3906
-5662
3001
-2134
-1044
-6905
1679
3488
4811
4745
-3308
-3229
-4860
-4731
-7226
-2417
-5017
-9328
-1807
4547
-5584
9837
9570
-7118
2917
-7326
-3366
1651
-8995
7768
-1827
-5756
-4873
1954
-5677
-4571
-3887
-1947
-6965
1106
-5377
-1184
-2277
-3961
920
-7779
-7405
662
-6886
4248
4659
6242
-2726
-5621
2078
-3777
4008
-100
-4981
-212
3156
-4020
11471
-7359
4252
10113
6988
-4808
2165
1997
2214
-6451
-4633
-1884
815
-6889
-8334
-3747
276
5492
1658
748
2914
-1900
2690
5813
641
-2211
-8939
-6987
-380
4317
1938
-365
-6734
-4421
-3006
11124
2108
-271
-8120
-5830
-6473
1107
-4807
-2778
4684
-4605
804
12270
14501
14516
-7593
-4751
15226
-2951
5277
6421
3583
-2927
-3637
-308
-3563
4583
9396
-3159
4336
-2734
13918
-619
6487
13892
-8818
-3185
2771
-8319
-5069
3418
7426
-5331
5747
-8950
5051
-5330
4079
2967
-6905
9332
-8336
-505
6424
-20
3211
3207
1469
4547
-6266
-104
-8325
-4540
-2568
7368
7531
-1431
910
3984
-8793
-2608
-2428
-9728
-4512
3966
-6795
-6189
-4167
-8758
-2089
904
-3646
-287
-1317
-1478
9754
-837
13610
-7524
4730
-5689
1693
14896
-975
7037
6709
-5331
-5809
-3659
-5629
4759
-4340
-4602
-9928
14409
-3994
11685
-9257
-397
1768
-7731
4409
-234
5652
9316
-3035
3786
9712
-11692
863
-5199
6406
-1684
-641
12709
8859
1471
-4847
8192
17351
3218
18023
-12683
-5290
-1895
-5523
-6666
1394
10450
7054
-1344
834
504
17762
5802
-8097
14921
-5569
-3966
2047
3428
-3059
-8389
-3475
-7461
4658
-10622
5908
-4288
-4757
-2522
-5327
-2878
-1586
11080
-508
-4460
13171
17479
11129
10689
-1517
-59
-7997
-7811
3350
12648
7444
-7217
1768
21089
9900
8771
-5423
7517
-7809
9768
204
3800
-8785
4617
8679
-12039
-3634
-4541
8112
-6938
-6569
-6087
3486
12640
-5042
1030
-11099
4649
1264
3000
11354
-3303
-5498
-4958
-1942
-3103
-161
-6389
-2055
7551
-10183
6720
-1113
-3555
-8942
3915
-253
4659
-916
4024
-5003
-4269
728
-3149
-5944
-173
-10344
-6460
16257
-8327
-7390
-6630
-452
-418
-7259
5062
-1746
-6859
-2593
4547
4236
-7629
883
-8932
5262
2075
-731
1911
-2933
39
-1174
15040
-9428
3615
-2577
-1482
2019
1546
917
43
-5921
-4276
23179
-11777
473
4769
-8088
-356
-7475
6391
6161
2190
1332
8291
861
38
12480
3749
5484
9548
-3044
12566
9355
-5224
1611
7691
19057
16515
-11554
5
-4008
-4903
-5732
-7715
5384
12828
10281
-8147
-2042
-5094
4990
7522
6540
-3164
-1253
5438
-2671
-2393
1555
8862
1137
-8748
-9295
-7359
-5920
959
2397
4946
-4902
-6857
-5496
-6570
-680
-3226
19340
2096
-3302
-9822
-984
-6196
6057
-4742
6415
-9383
6134
6474
1986
-5062
-3577
-6471
1022
523
16096
-4104
-6017
-9841
5426
-9026
-2764
-1924
-5895
4465
11760
3014
3165
-5058
-6419
-5343
-4554
-6305
-5385
-3823
-66
12331
1448
-1384
-8870
-7776
5129
-6398
10031
-8124
4564
-9684
7172
-6564
2578
10822
-11283
-97
-9460
-2085
-2570
6441
1871
-8388
-2963
-13782
2454
-8200
8231
9989
8599
8184
5227
-6521
277
-2894
4332
6053
-1143
-10254
-102
-4788
2362
1396
11604
5812
-703
-4646
-8700
-1223
3339
-621
3851
1581
793
-3873
12076
-6996
3159
-7673
-184
-6703
3362
7014
-684
-2143
-7741
-1758
-2781
-3891
7209
-7283
-2102
8037
14003
-7450
7607
-9779
-5245
756
-4434
7431
2005
1346
4913
7410
2015
-432
7271
273
-4740
-2346
15962
13884
-5636
-8271
1215
-3287
8083
14803
4140
7315
1296
7892
-735
13493
5475
5775
1749
-2575
-6220
-4392
-7823
-4396
-4722
-3411
8584
-6728
5562
-418
7811
-8009
-1905
7709
675
-7301
7406
19455
3929
1937
-8034
-7020
-2253
1657
7966
-1586
-4647
376
-7301
1393
6551
8640
-7685
2521
9802
-1754
-6184
-7571
5988
689
-1815
12020
6443
-8568
3969
9448
-195
-3211
4418
4712
10037
-6729
-716
3245
-3264
10813
11272
4850
2521
-5225
-10437
7371
8063
7524
8311
13384
-231
-4094
-5606
990
-8967
-6137
-3466
702
3887
-6874
-2225
-2079
-2249
-4109
-11129
4193
4132
3519
-5576
10943
725
-992
-5204
-5045
2455
6845
-11932
-416
5872
-7737
530
-4799
-567
-3795
-5349
-1819
3233
-4568
12150
-3910
-9216
-2620
14401
-4241
1433
7546
14863
-7098
5426
-11305
6974
-6325
4346
-3173
-7629
-4351
-7301
1861
6923
3972
-1709
-9109
-3581
15025
-4278
-3886
2054
3112
-5696
-760
-5878
17249
-4520
5994
-95
-8708
9679
5289
-4618
11127
5894
-4960
-8934
-2226
11282
-794
-9184
-2563
5459
-5596
1914
-2424
-2303
-4986
-161
4247
12875
1969
2313
16216
-3370
3561
-3522
2936
-4114
1384
-4989
-5360
-1881
-5807
5653
698
565
6422
589
-3269
-2239
8608
2367
2303
-11688
-2712
-4178
6376
9338
1969
1376
-3035
-2754
2215
-5805
3454
-4762
876
-6197
-6654
-7429
6158
-4297
6426
-171
-5028
-7510
1624
1331
1317
6139
-6125
2534
-3503
-119
-5680
-4200
-5730
2767
-10880
-4755
-10877
-1556
-5468
13189
-4778
1947
559
10126
9171
-1562
1133
-9164
-3641
-3398
12696
-8234
-2766
-9534
-3572
-2044
-7217
-6123
10882
3927
6790
-7882
-6026
12022
-4229
-636
-9582
6301
-1551
-1217
5747
6536
1934
5639
17070
-7326
-4526
-8926
-3599
-1772
-13865
2928
-12277
-5060
6577
3271
-3017
12929
-6856
13639
1772
-1376
-5703
-4932
3950
7386
-5688
-5779
-3678
-11960
-1557
14307
5380
8237
-7972
-195
-3660
-5721
7637
-3574
-6054
-2324
-4507
6420
-4826
-6882
-4668
-3832
-4741
-9015
-3903
3807
6038
-3344
20235
286
-6726
5314
-2280
8749
7707
-838
-4076
3457
-5158
-5242
-4894
10420
-326
-3476
6630
5038
4588
-9757
-74
-2556
-6339
6393
-3439
-14102
5804
-7933
-4948
4480
10451
-5138
12270
-4490
5472
-11296
1801
4959
13256
9366
-6150
-2426
-11172
5346
-1987
4548
397
973
-6198
-8039
-3943
10284
2389
-6533
-3763
-10229
-3164
9083
11829
3155
-459
9027
9242
61
7811
-7222
2375
-1578
3647
8691
2813
-13971
1019
-1274
-4276
-4226
1789
-3876
-4647
-7241
637
-1011
-8275
7498
8217
557
9470
-9512
3137
12869
-4874
-1757
-2005
-10492
-938
4959
-4502
129
665
-8028
3106
9341
-2434
-552
4745
-5218
-8650
2853
-7900
6601
-3554
-8657
2779
213
-7798
14960
1160
-10478
-1869
-10493
-6659
-2485
-2443
10102
-5867
8785
-4530
-5012
-10970
-2334
10115
13604
-5615
-7057
-5488
4240
-3617
-338
7431
-8391
-567
-7685
13574
2978
12597
-2328
-5220
3565
10116
-9621
2965
7352
-917
-4312
4420
-625
3265
-1560
5540
5779
190
4978
13348
-2612
4255
-2558
-6414
-527
3059
1020
12345
5641
6972
-2659
-2527
-4409
-1191
-3618
-879
-11710
1774
35
10593
3638
-12392
-8518
6576
-3371
14384
-3218
-7659
3477
-5813
4171
-3906
-933
-6303
11213
9982
975
-598
2685
-5114
-3340
800
7077
-4352
2640
-1543
165
11177
-2681
-1095
-7368
-1648
4702
4080
-5010
-1062
-1077
-4307
6301
-4475
-8727
-4147
-3076
5188
5694
-661
-1807
-3637
14666
6649
-4921
-1098
-803
-5612
-10054
-4203
-4468
1072
-4623
954
1456
-8320
-4643
908
2728
5277
-7423
6004
569
3931
6351
-8653
-3433
-3866
8624
7384
-2041
8345
14744
-9617
-6568
1752
1303
3969
-6
-1788
-4397
1829
-9897
-7672
-907
10212
-7208
-7611
1187
-10031
2257
3961
1891
22187
3803
-1179
-265
-1208
-6860
660
-8022
3606
5762
8094
2654
-1491
1379
754
9908
5420
-321
-5706
11133
6611
7924
10847
-6387
-8144
-3459
-6266
-4155
8462
5801
-6460
-4890
-229
-3389
-3135
-4199
14201
-23
-7302
-6067
10898
-6134
-2188
-10616
-2083
-5075
6598
-3453
-7597
-5145
2128
-4372
2109
-3570
-4019
-10767
-1442
281
-7010
3670
1691
10844
-1468
-3563
9462
-3272
280
9960
5026
-7116
-3825
-2291
3081
9348
-8772
-1843
-2446
8478
-9265
-6976
5567
15609
-5330
13045
-4706
4415
2488
-1783
-9031
-3718
-7547
4716
-5814
2844
-4746
2849
3845
13821
-8081
1556
-2090
11322
-2109
-4881
13399
-1275
-9364
2191
7871
-7333
1113
3439
13438
7749
-5804
14985
4081
-3478
8187
4142
-8433
-7122
-1014
-8795
-700
-11344
-9473
-3161
192
-3757
-3187
-5722
-1463
-3187
12916
11500
3682
533
-3767
2259
10829
1050
8495
4830
-2889
-3368
2539
5028
7521
-5532
-7679
-5481
-6848
2022
-4270
-4039
7807
18280
1953
-2663
-5580
4929
13075
6010
-4802
-2487
-4380
-1486
-4574
-379
-868
-5871
15329
13262
-171
-1667
-62
-7963
-6313
9189
4341
16593
5754
632
-6441
-4027
-3417
-5516
11718
10078
-4032
-2193
-9121
-3467
1783
376
-5467
-2229
-2079
7155
6650
-3857
-6127
-6423
-6245
-6393
-4625
-10962
-4431
-9038
5318
-5970
-3559
-7388
-821
2151
4132
-2722
-2764
-7396
-5010
-7345
-4033
8119
12638
8012
-1938
353
1576
-8680
-4746
-1173
4877
-3424
-7009
2181
6108
4627
2157
2491
10498
24923
2869
-8828
4270
-999
4482
3614
14010
12115
686
-14532
-6159
-2542
3034
1829
-4913
-7509
8136
4324
6093
629
-184
5172
2844
-6810
-5812
-7646
8595
6120
-9769
6197
-8286
10583
12099
9077
4596
7342
4197
11061
-5029
-8194
1178
3901
-1414
-6699
1627
-7734
-1590
-8642
-2189
-6812
-6065
23
4920
-5646
-2891
-2686
-841
-7073
-5101
-375
-914
-3296
-668
-8100
-4675
7783
-9038
-6086
-2923
-527
8535
-6130
-8060
5825
-3496
-8988
6398
6169
7855
-8866
4954
811
9742
12947
3287
-1578
-4330
-1411
-4087
4470
6410
-7224
5890
9589
-1261
7790
7936
-1374
1327
-6593
569
-3100
4665
6634
493
-3630
6871
10181
10204
-5593
-11505
8922
-3924
-4714
9422
-7344
6363
-3735
-6878
3789
-4861
1275
12593
-6279
-2573
-6731
-8953
-6109
-1327
1185
-1691
-4375
9632
-4732
-4466
1134
12974
-4648
8715
4421
7510
-5564
5133
1713
40
-5884
3440
-7965
10258
7003
-2791
93
-3833
-1804
9378
433
2238
-2698
-9343
-3783
17251
-5738
-775
-6848
2477
-5336
4133
373
-5032
-3468
-2090
-6125
-6372
4582
-1579
-6782
1784
4340
-4887
8922
-5128
-7476
1354
-10237
3710
-1627
17657
-5499
3685
1519
-2950
-8656
-840
43
-924
1782
1162
-3430
19104
-2043
-5884
-412
-4973
4345
-1609
1190
-3192
6221
-2521
11027
1245
-3982
-4903
850
1107
-2975
-709
-6896
-7920
3666
-8755
-4978
6887
3605
-4678
-4340
4751
-1156
-3214
2220
1360
-7171
9886
-3751
-5752
5713
-3249
11489
-984
11554
-7840
-7816
-3324
-3119
-2750
756
-3835
3865
-9342
-2965
-5587
8886
18170
6236
-2313
-7893
-2150
-8889
-3769
852
4898
-8390
-1239
-4168
-5985
-3537
-9188
8045
-3465
7931
-1912
-8443
9680
-2734
4749
-4213
-6236
-7553
170
7757
3431
2000
-8264
-5602
-6916
7137
1950
6677
6506
-7545
-5228
358
-1255
-4130
-3350
6310
-5382
-7755
-7650
-6764
3782
7372
1080
-5237
-9751
-9091
18082
-9744
2914
-8728
3837
-3997
500
5198
787
-13669
-3358
-7333
-3434
6268
-5368
16283
-8009
-7322
-3925
-6050
2469
-5345
-3155
9763
17856
3146
-6310
-3811
-5480
13723
-507
-3760
-7907
526
-1276
-1
1034
-4220
5844
12053
-5698
14367
-7094
6140
-10300
4700
3066
-9983
-4354
-4605
-2590
-4430
14526
5
-5616
2442
-522
-7516
1226
7377
2572
-4340
-761
10966
-6895
-2575
-175
-2287
5814
15055
-3487
-5272
-5008
-914
3748
-7726
2158
-2402
-2779
-2911
-5618
-6459
-7553
1215
-7915
-9202
-2496
3323
5227
5877
-4846
15779
9880
-1380
-4166
-2148
-5863
-2252
-4568
-7762
-4431
2123
-1986
-1772
10660
8568
-4040
6093
-2968
-4248
-5412
15514
10780
-689
2287
-12540
341
-3783
-4496
-6178
3688
-3013
-746
4810
-5692
8754
-4365
-1623
-10405
3915
13212
-1544
-4674
2675
-11866
-6488
11953
12847
-4346
3085
202
5435
24388
5348
-5575
-8405
-5379
8952
-12325
-2550
8132
-6369
-9873
5090
2268
-3372
-2581
-9261
7466
-46
-819
2875
-1451
-7697
-4283
4909
12808
-282
-8947
-6634
982
157
-4968
-4390
-1402
-2290
-3383
3462
-2528
6122
-1839
17769
-2392
3409
-3875
-6223
8192
-5500
-3367
8874
-664
-4128
-295
-8434
-1291
-410
-6760
3006
-8703
-11
10192
-609
47
13047
3805
-2670
-3433
-8591
5239
-7898
-2192
-4189
-1613
-1245
11066
2380
5768
1608
2300
-447
4730
10963
-396
2813
5040
-2378
7834
-2743
18533
-2989
-8459
2040
-8173
-1081
237
6677
7381
9128
-3846
-6074
-5341
8394
8555
4651
9535
-9405
-1188
4978
-2182
8147
-8559
2285
-304
5961
6972
-2662
-7838
3545
8556
-5098
1165
-8738
11019
2817
-5695
1725
-3178
7489
940
1099
-4961
-4956
4550
2767
808
-6054
968
6516
5028
5118
-3486
5236
-2736
-4306
-2940
-990
-6151
3482
-4772
7287
1376
4781
-7544
6498
12154
-7391
-3402
-6358
838
-2703
-6632
5448
5793
-10210
-776
477
-7407
12248
1239
-4202
2028
2559
-174
-1500
-5875
16245
10769
-3595
-3616
-9493
427
-2543
-2849
-1285
-7830
255
15123
21069
8664
-3971
-10242
-4731
-5037
-1265
-7538
-224
4673
-924
-4664
-7103
56
5215
7660
2727
-4659
-9332
999
-4022
8666
5560
4279
3016
1098
-241
-3828
-10305
1867
-2040
-1335
-10228
1267
-2327
-6159
-4118
973
4350
-3462
-8068
8341
16133
3214
75
-3799
-3156
-3223
-5961
2315
-8212
-6965
7256
-2427
1446
-9090
-653
8474
4401
-7770
-1739
-7321
-1750
4640
-421
-8656
10780
12109
-3121
5085
-8571
8897
1839
-3876
4582
312
11296
6963
-448
3429
3537
-2282
-4558
7104
3715
790
3839
7021
-3610
-11157
-442
-1126
3188
-2110
-11826
5466
-4684
-9265
-5198
-5386
4640
6315
-2631
-8435
5678
7872
-2744
-5682
-1394
-6358
-689
16271
10915
-855
11355
341
-11609
2279
11254
-10860
-2533
11903
8319
-2889
5396
8087
595
5369
2095
7334
-7400
-2552
-4949
-1854
4094
5800
8318
-4270
-7961
1976
1536
-6914
-1757
5260
2775
-8156
-1080
661
984
2709
35
-2290
5527
6111
1208
-4245
-1570
-7561
4435
4437
-3258
3913
3101
3509
1596
7785
12967
11142
-4385
-3174
6483
-8610
1817
-4556
-5119
-6568
-8084
-1142
-7858
1071
-8268
-5867
-5674
11491
-4958
4269
-853
5475
6407
-4574
-9069
2001
3975
-4079
-7585
-367
-1890
265
-8267
-1093
-3396
-5004
6267
6038
4205
-1571
-4987
11462
74
2478
15802
-5059
5873
-4000
7291
-3765
8970
-101
-11019
-4654
1529
6556
515
11806
-1218
-7549
-3677
-2171
-6900
-7845
5111
-3950
31
-6934
-3336
-1389
-4487
-3485
-8426
-1789
3148
11794
4424
-4584
2985
2693
3601
-2928
9358
-6271
-8945
-6340
4214
-4741
-3791
-3711
-10058
1371
-3114
4041
3709
-5326
-7322
-11184
-2952
-6281
1212
-7140
888
-3850
-11739
-1886
-6662
11203
-2676
-2719
-6134
5570
8801
1948
-6502
-8118
4485
10946
-5433
-11062
-3912
579
6344
-236
-6251
-7397
-4046
4382
-4421
-6631
2820
-3907
-5150
-8569
-9828
-7465
-8369
-497
-5744
-10364
-1897
-4896
-9347
7728
8810
4268
-4485
-12927
-2334
3748
-286
-10262
-495
9083
3678
18420
10105
9927
-10526
-3899
-3572
-673
-9826
-9995
-3584
-7814
-8761
-8049
-6863
463
-122
2478
-3599
-7753
-4378
-11969
618
-1961
705
-1565
-6627
-6810
-7958
-7305
-11897
-9718
1989
11775
-7920
5532
16932
-1083
