-3
10
-7
-4
14
-7
1
4
-16
34
-1
-16
2
-4
3
-1
-4
11
0
-2
1
-17
-1
0
-14
-2
-2
9
1
28
3
3
2
14
3
-8
0
9
8
1
0
1
-1
0
8
-10
3
3
5
-5
2
4
6
1
-22
-7
-6
-6
-8
-17
0
-11
5
5
1
-2
2
3
-3
-6
9
-2
-2
1
0
1
0
2
-1
-2
-4
2
-1
-3
4
-2
0
7
1
9
1
-4
0
-3
3
-1
-6
-27
-19
2
79
-6
8
0
-91
31
-2
-18
-9
3
0
-3
-6
-9
0
-4
-26
-27
-17
-2
-11
-3
32
41
-16
127
-3
4
-1
11
1
-5
25
27
6
-3
30
-4
0
-1
3
22
-20
4
8
0
0
10
5
-31
-19
-21
-7
-24
-6
-2
1
-22
-23
2
0
-1
1
-2
4
-12
4
-2
1
4
1
0
7
-6
6
-4
-4
-4
0
-3
5
2
8
6
-1
7
-5
-7
-2
1
8
2
-1
-6
6
3
-1
-5
0
3
2
1
-1
-1
-2
-6
8
1
-3
1
-1
1
-5
5
2
3
-4
3
12
-7
-6
-4
5
1
1
-6
4
-1
-7
1
2
0
-7
-6
1
4
0
4
-7
-1
4
-2
1
-1
1
7
-7
3
-2
3
-7
-8
-3
-9
-9
1
1
1
-2
0
-6
0
4
0
0
-4
0
1
0
-6
6
2
-1
4
-2
0
4
4
8
2
1
4
-6
1
-1
-1
6
-3